
1, 1, 15, 28, 99.999532
1, 1, 15, 7, 99.999532
1, 2, 15, 28, 99.999532
1, 2, 15, 7, 99.999532
1, 3, 15, 28, 99.999532
1, 3, 15, 7, 99.999532
1, 4, 15, 28, 99.999532
1, 4, 15, 7, 99.999532
1, 5, 15, 28, 99.999532
1, 5, 15, 7, 99.999532
1, 6, 15, 28, 99.999532
1, 6, 15, 7, 99.999532
1, 7, 15, 28, 99.999533
1, 7, 15, 7, 99.999533
1, 8, 15, 28, 99.999533
1, 8, 15, 7, 99.999533
1, 9, 15, 28, 99.999532
1, 9, 15, 7, 99.999532
1, 10, 15, 28, 99.999533
1, 10, 15, 7, 99.999532
1, 11, 15, 28, 99.999533
1, 11, 15, 7, 99.999533
1, 12, 15, 28, 99.999533
1, 12, 15, 7, 99.999533
1, 13, 15, 28, 99.999533
1, 13, 15, 7, 99.999533
1, 14, 15, 28, 99.999533
1, 14, 15, 7, 99.999533
1, 15, 15, 28, 99.999533
1, 15, 15, 7, 99.999533
1, 16, 15, 28, 99.999532
1, 16, 15, 7, 99.999532
1, 17, 15, 28, 99.999532
1, 17, 15, 7, 99.999532
1, 18, 15, 28, 99.999532
1, 18, 15, 7, 99.999532
1, 19, 15, 28, 99.999532
1, 19, 15, 7, 99.999532
1, 20, 15, 28, 99.999532
1, 20, 15, 7, 99.999532
1, 21, 15, 28, 99.999532
1, 21, 15, 7, 99.999532
1, 22, 15, 28, 99.999532
1, 22, 15, 7, 99.999532
1, 23, 15, 28, 99.999533
1, 23, 15, 7, 99.999533
1, 24, 15, 28, 99.999532
1, 24, 15, 7, 99.999532
1, 25, 15, 28, 99.999533
1, 25, 15, 7, 99.999533
1, 26, 15, 28, 99.999533
1, 26, 15, 7, 99.999533
1, 27, 15, 28, 99.999532
1, 27, 15, 7, 99.999532
1, 28, 15, 28, 99.999533
1, 28, 15, 7, 99.999533
1, 29, 15, 28, 99.999533
1, 29, 15, 7, 99.999533
1, 30, 15, 28, 99.999533
1, 30, 15, 7, 99.999532
2, 1, 15, 28, 99.999532
2, 1, 1, 12, 99.999532
2, 2, 15, 28, 99.999532
2, 2, 1, 12, 99.999532
2, 3, 15, 28, 99.999532
2, 3, 1, 12, 99.999532
2, 4, 15, 28, 99.999533
2, 4, 1, 12, 99.999533
2, 5, 15, 28, 99.999533
2, 5, 1, 12, 99.999533
2, 6, 15, 28, 99.999533
2, 6, 1, 12, 99.999533
2, 7, 15, 28, 99.999533
2, 7, 1, 12, 99.999532
2, 8, 15, 28, 99.999533
2, 8, 1, 12, 99.999532
2, 9, 15, 28, 99.999532
2, 9, 1, 12, 99.999532
2, 10, 15, 28, 99.999532
2, 10, 1, 12, 99.999532
2, 11, 15, 28, 99.999532
2, 11, 1, 12, 99.999532
2, 12, 15, 28, 99.999532
2, 12, 1, 12, 99.999532
2, 13, 15, 28, 99.999532
2, 13, 1, 12, 99.999532
2, 14, 15, 28, 99.999532
2, 14, 1, 12, 99.999532
2, 15, 15, 28, 99.999532
2, 15, 1, 12, 99.999532
2, 16, 15, 28, 99.999532
2, 16, 1, 12, 99.999532
2, 17, 15, 28, 99.999532
2, 17, 1, 12, 99.999532
2, 18, 15, 28, 99.999532
2, 18, 1, 12, 99.999532
2, 19, 15, 28, 99.999532
2, 19, 1, 12, 99.999532
2, 20, 15, 28, 99.999532
2, 20, 1, 12, 99.999532
2, 21, 15, 28, 99.999533
2, 21, 1, 12, 99.999533
2, 22, 15, 28, 99.999533
2, 22, 1, 12, 99.999533
2, 23, 15, 28, 99.999533
2, 23, 1, 12, 99.999532
2, 24, 15, 28, 99.999532
2, 24, 1, 12, 99.999532
2, 25, 15, 28, 99.999532
2, 25, 1, 12, 99.999532
2, 26, 15, 28, 99.999532
2, 26, 1, 12, 99.999532
2, 27, 15, 28, 99.999533
2, 27, 1, 12, 99.999533
2, 28, 15, 28, 99.999534
2, 28, 1, 12, 99.999533
3, 1, 19, 20, 99.999648
3, 1, 42, 20, 99.999647
3, 2, 19, 20, 99.999647
3, 2, 42, 20, 99.999647
3, 3, 19, 20, 99.999646
3, 3, 42, 20, 99.999646
3, 4, 19, 20, 99.999647
3, 4, 42, 20, 99.999646
3, 5, 19, 20, 99.999647
3, 5, 42, 20, 99.999647
3, 6, 19, 20, 99.999647
3, 6, 42, 20, 99.999646
3, 7, 19, 20, 99.999646
3, 7, 42, 20, 99.999646
3, 8, 19, 20, 99.999646
3, 8, 42, 20, 99.999646
3, 9, 19, 20, 99.999646
3, 9, 42, 20, 99.999646
3, 10, 19, 20, 99.999647
3, 10, 42, 20, 99.999647
3, 11, 19, 20, 99.999647
3, 11, 42, 20, 99.999646
3, 12, 19, 20, 99.999647
3, 12, 42, 20, 99.999647
3, 13, 19, 20, 99.999646
3, 13, 42, 20, 99.999646
3, 14, 19, 20, 99.999648
3, 14, 42, 20, 99.999647
3, 15, 19, 20, 99.999647
3, 15, 42, 20, 99.999647
3, 16, 19, 20, 99.999648
3, 16, 42, 20, 99.999648
3, 17, 19, 20, 99.999648
3, 17, 42, 20, 99.999648
3, 18, 19, 20, 99.999647
3, 18, 42, 20, 99.999647
3, 19, 19, 20, 99.999648
3, 19, 42, 20, 99.999648
3, 20, 19, 20, 99.999647
3, 20, 42, 20, 99.999646
3, 21, 19, 20, 99.999645
3, 21, 42, 20, 99.999645
3, 22, 19, 20, 99.999645
3, 22, 42, 20, 99.999645
3, 23, 19, 20, 99.999646
3, 23, 42, 20, 99.999646
3, 24, 19, 20, 99.999645
3, 24, 42, 20, 99.999645
3, 25, 19, 20, 99.999646
3, 25, 42, 20, 99.999646
3, 26, 19, 20, 99.999645
3, 26, 42, 20, 99.999645
3, 27, 19, 20, 99.999644
3, 27, 42, 20, 99.999644
3, 28, 19, 20, 99.999642
3, 28, 42, 20, 99.999642
4, 1, 23, 1, 98.941947
4, 1, 20, 1, 98.941938
4, 2, 20, 5, 98.941925
4, 2, 20, 2, 98.941924
4, 3, 23, 3, 98.941910
4, 3, 23, 4, 98.941901
4, 4, 20, 1, 98.941948
4, 4, 23, 1, 98.941934
4, 5, 20, 1, 98.941925
4, 5, 23, 3, 98.941921
4, 6, 23, 4, 98.941924
4, 6, 23, 3, 98.941923
4, 7, 23, 3, 98.941934
4, 7, 23, 4, 98.941934
4, 8, 23, 4, 98.941919
4, 8, 23, 3, 98.941915
4, 9, 23, 4, 98.941931
4, 9, 20, 5, 98.941927
4, 10, 23, 5, 99.260530
4, 10, 51, 22, 99.253488
4, 11, 23, 5, 99.260509
4, 11, 51, 6, 99.253480
4, 12, 17, 16, 98.947192
4, 12, 17, 15, 98.947191
4, 13, 17, 16, 98.947188
4, 13, 17, 15, 98.947183
4, 14, 17, 16, 98.947183
4, 14, 17, 14, 98.947175
4, 15, 17, 16, 98.947207
4, 15, 17, 14, 98.947194
4, 16, 17, 16, 98.947208
4, 16, 17, 14, 98.947206
4, 17, 23, 17, 99.264369
4, 17, 7, 17, 99.256653
4, 18, 23, 20, 98.947813
4, 18, 23, 18, 98.947807
4, 19, 23, 20, 98.947813
4, 19, 23, 18, 98.947798
4, 20, 23, 20, 98.947808
4, 20, 23, 19, 98.947803
4, 21, 23, 20, 98.947812
4, 21, 23, 19, 98.947804
4, 22, 23, 20, 98.947812
4, 22, 23, 19, 98.947804
4, 23, 23, 20, 98.947812
4, 23, 23, 19, 98.947804
4, 24, 23, 19, 98.947846
4, 24, 23, 18, 98.947844
4, 25, 17, 19, 98.950193
4, 25, 17, 20, 98.950166
4, 26, 17, 19, 98.950165
4, 26, 17, 28, 98.950159
4, 27, 17, 21, 98.950154
4, 27, 17, 28, 98.950154
4, 28, 17, 29, 98.950154
4, 28, 17, 30, 98.950154
5, 1, 15, 28, 99.999532
5, 1, 1, 12, 99.999532
5, 2, 15, 28, 99.999532
5, 2, 1, 12, 99.999532
5, 3, 15, 28, 99.999532
5, 3, 1, 12, 99.999532
5, 4, 15, 28, 99.999533
5, 4, 1, 12, 99.999532
5, 5, 15, 28, 99.999533
5, 5, 1, 12, 99.999533
5, 6, 15, 28, 99.999532
5, 6, 1, 12, 99.999532
5, 7, 15, 28, 99.999533
5, 7, 1, 12, 99.999533
5, 8, 15, 28, 99.999533
5, 8, 1, 12, 99.999533
5, 9, 15, 28, 99.999533
5, 9, 1, 12, 99.999533
5, 10, 15, 28, 99.999533
5, 10, 1, 12, 99.999532
5, 11, 15, 28, 99.999532
5, 11, 1, 12, 99.999532
5, 12, 15, 28, 99.999532
5, 12, 1, 12, 99.999532
5, 13, 15, 28, 99.999532
5, 13, 1, 12, 99.999532
5, 14, 15, 28, 99.999532
5, 14, 1, 12, 99.999532
5, 15, 15, 28, 99.999532
5, 15, 1, 12, 99.999532
5, 16, 15, 28, 99.999532
5, 16, 1, 12, 99.999532
5, 17, 15, 28, 99.999532
5, 17, 1, 12, 99.999532
5, 18, 15, 28, 99.999532
5, 18, 1, 12, 99.999532
5, 19, 15, 28, 99.999532
5, 19, 1, 12, 99.999532
5, 20, 15, 28, 99.999533
5, 20, 1, 12, 99.999532
5, 21, 15, 28, 99.999533
5, 21, 1, 12, 99.999533
5, 22, 15, 28, 99.999533
5, 22, 1, 12, 99.999533
5, 23, 15, 28, 99.999533
5, 23, 1, 12, 99.999533
5, 24, 15, 28, 99.999533
5, 24, 1, 12, 99.999532
5, 25, 15, 28, 99.999532
5, 25, 1, 12, 99.999532
5, 26, 15, 28, 99.999533
5, 26, 1, 12, 99.999533
5, 27, 15, 28, 99.999532
5, 27, 1, 12, 99.999532
5, 28, 15, 28, 99.999533
5, 28, 1, 12, 99.999532
5, 29, 15, 28, 99.999533
5, 29, 1, 12, 99.999533
6, 1, 19, 20, 99.999647
6, 1, 19, 23, 99.999647
6, 2, 19, 20, 99.999647
6, 2, 19, 23, 99.999646
6, 3, 19, 20, 99.999645
6, 3, 19, 23, 99.999644
6, 4, 19, 20, 99.999646
6, 4, 19, 23, 99.999645
6, 5, 19, 20, 99.999646
6, 5, 19, 23, 99.999646
6, 6, 19, 20, 99.999642
6, 6, 19, 23, 99.999641
6, 7, 19, 20, 99.999645
6, 7, 19, 23, 99.999644
6, 8, 19, 20, 99.999646
6, 8, 19, 23, 99.999645
6, 9, 19, 20, 99.999647
6, 9, 19, 23, 99.999646
6, 10, 19, 20, 99.999646
6, 10, 19, 23, 99.999646
6, 11, 19, 20, 99.999646
6, 11, 19, 23, 99.999646
6, 12, 19, 20, 99.999647
6, 12, 19, 23, 99.999647
6, 13, 19, 20, 99.999648
6, 13, 19, 23, 99.999647
6, 14, 19, 20, 99.999648
6, 14, 19, 23, 99.999647
6, 15, 19, 20, 99.999648
6, 15, 19, 23, 99.999647
6, 16, 19, 20, 99.999647
6, 16, 19, 23, 99.999647
6, 17, 19, 20, 99.999647
6, 17, 19, 23, 99.999646
6, 18, 19, 20, 99.999647
6, 18, 19, 23, 99.999647
6, 19, 19, 20, 99.999647
6, 19, 19, 23, 99.999646
6, 20, 19, 20, 99.999647
6, 20, 19, 23, 99.999647
6, 21, 19, 20, 99.999647
6, 21, 19, 23, 99.999646
6, 22, 19, 20, 99.999648
6, 22, 19, 23, 99.999648
6, 23, 19, 20, 99.999647
6, 23, 19, 23, 99.999646
6, 24, 19, 20, 99.999648
6, 24, 19, 23, 99.999647
6, 25, 19, 20, 99.999647
6, 25, 19, 23, 99.999646
6, 26, 19, 20, 99.999646
6, 26, 19, 23, 99.999646
6, 27, 19, 20, 99.999647
6, 27, 19, 23, 99.999646
6, 28, 19, 20, 99.999646
6, 28, 19, 23, 99.999646
6, 29, 19, 20, 99.999646
6, 29, 19, 23, 99.999645
7, 1, 23, 1, 98.941947
7, 1, 20, 1, 98.941938
7, 2, 20, 5, 98.941954
7, 2, 23, 4, 98.941929
7, 3, 23, 3, 98.941915
7, 3, 23, 4, 98.941913
7, 4, 20, 5, 98.941959
7, 4, 23, 4, 98.941946
7, 5, 20, 2, 98.941922
7, 5, 20, 1, 98.941921
7, 6, 23, 3, 98.941915
7, 6, 23, 4, 98.941913
7, 7, 23, 3, 98.941927
7, 7, 23, 4, 98.941927
7, 8, 23, 3, 98.941916
7, 8, 23, 4, 98.941913
7, 9, 23, 3, 98.941923
7, 9, 23, 4, 98.941921
7, 10, 23, 4, 98.941928
7, 10, 23, 3, 98.941920
7, 11, 23, 4, 98.941933
7, 11, 20, 5, 98.941926
7, 12, 20, 5, 98.941958
7, 12, 23, 4, 98.941936
7, 13, 23, 5, 99.260546
7, 13, 51, 18, 99.253494
7, 14, 17, 16, 98.947220
7, 14, 17, 15, 98.947220
7, 15, 17, 16, 98.947221
7, 15, 17, 15, 98.947200
7, 16, 17, 16, 98.947219
7, 16, 17, 15, 98.947202
7, 17, 23, 17, 99.264353
7, 17, 56, 17, 99.248046
7, 18, 23, 17, 99.264332
7, 18, 56, 17, 99.248026
7, 19, 23, 17, 99.264318
7, 19, 56, 17, 99.248029
7, 20, 23, 17, 99.264316
7, 20, 56, 17, 99.248039
7, 21, 23, 17, 99.264319
7, 21, 56, 17, 99.248027
7, 22, 23, 17, 99.264301
7, 22, 56, 17, 99.248012
7, 23, 23, 17, 99.264317
7, 23, 56, 17, 99.248029
7, 24, 23, 17, 99.264303
7, 24, 56, 17, 99.248034
7, 25, 23, 17, 99.264305
7, 25, 56, 17, 99.248037
7, 26, 23, 17, 99.264314
7, 26, 56, 16, 99.248009
7, 27, 23, 17, 99.264354
7, 27, 56, 16, 99.248042
7, 28, 17, 18, 99.620523
7, 28, 12, 21, 99.612835
7, 29, 17, 18, 99.620503
7, 29, 42, 13, 99.612844
8, 1, 15, 28, 99.999532
8, 1, 1, 12, 99.999532
8, 2, 15, 28, 99.999532
8, 2, 1, 12, 99.999532
8, 3, 15, 28, 99.999532
8, 3, 1, 12, 99.999532
8, 4, 15, 28, 99.999532
8, 4, 1, 12, 99.999532
8, 5, 15, 28, 99.999533
8, 5, 1, 12, 99.999533
8, 6, 15, 28, 99.999533
8, 6, 1, 12, 99.999533
8, 7, 15, 28, 99.999533
8, 7, 1, 12, 99.999533
8, 8, 15, 28, 99.999532
8, 8, 1, 12, 99.999532
8, 9, 15, 28, 99.999533
8, 9, 1, 12, 99.999533
8, 10, 15, 28, 99.999534
8, 10, 1, 12, 99.999533
8, 11, 15, 28, 99.999533
8, 11, 1, 12, 99.999533
8, 12, 15, 28, 99.999533
8, 12, 1, 12, 99.999533
8, 13, 15, 28, 99.999532
8, 13, 1, 12, 99.999532
8, 14, 15, 28, 99.999532
8, 14, 1, 12, 99.999532
8, 15, 15, 28, 99.999532
8, 15, 1, 12, 99.999532
8, 16, 15, 28, 99.999532
8, 16, 1, 12, 99.999532
8, 17, 15, 28, 99.999532
8, 17, 1, 12, 99.999532
8, 18, 15, 28, 99.999532
8, 18, 1, 12, 99.999532
8, 19, 15, 28, 99.999532
8, 19, 1, 12, 99.999532
8, 20, 15, 28, 99.999532
8, 20, 1, 12, 99.999532
8, 21, 15, 28, 99.999532
8, 21, 1, 12, 99.999532
8, 22, 15, 28, 99.999533
8, 22, 1, 12, 99.999533
8, 23, 15, 28, 99.999533
8, 23, 1, 12, 99.999533
8, 24, 15, 28, 99.999533
8, 24, 1, 12, 99.999533
8, 25, 15, 28, 99.999532
8, 25, 1, 12, 99.999532
8, 26, 15, 28, 99.999533
8, 26, 1, 12, 99.999533
8, 27, 15, 28, 99.999533
8, 27, 1, 12, 99.999533
8, 28, 15, 28, 99.999533
8, 28, 1, 12, 99.999533
8, 29, 15, 28, 99.999533
8, 29, 1, 12, 99.999533
9, 1, 19, 20, 99.999643
9, 1, 42, 20, 99.999643
9, 2, 19, 20, 99.999643
9, 2, 42, 20, 99.999642
9, 3, 19, 20, 99.999642
9, 3, 42, 20, 99.999641
9, 4, 19, 20, 99.999643
9, 4, 42, 20, 99.999642
9, 5, 19, 20, 99.999643
9, 5, 42, 20, 99.999642
9, 6, 19, 20, 99.999643
9, 6, 42, 20, 99.999643
9, 7, 19, 20, 99.999639
9, 7, 42, 20, 99.999638
9, 8, 19, 20, 99.999638
9, 8, 42, 20, 99.999638
9, 9, 19, 20, 99.999643
9, 9, 42, 20, 99.999642
9, 10, 19, 20, 99.999643
9, 10, 42, 20, 99.999642
9, 11, 19, 20, 99.999642
9, 11, 42, 20, 99.999641
9, 12, 19, 20, 99.999642
9, 12, 42, 20, 99.999642
9, 13, 19, 20, 99.999643
9, 13, 42, 20, 99.999642
9, 14, 19, 20, 99.999643
9, 14, 42, 20, 99.999643
9, 15, 19, 20, 99.999643
9, 15, 42, 20, 99.999643
9, 16, 19, 20, 99.999643
9, 16, 42, 20, 99.999642
9, 17, 19, 20, 99.999643
9, 17, 42, 20, 99.999642
9, 18, 19, 20, 99.999642
9, 18, 42, 20, 99.999642
9, 19, 19, 20, 99.999643
9, 19, 42, 20, 99.999642
9, 20, 19, 20, 99.999643
9, 20, 19, 23, 99.999643
9, 21, 19, 20, 99.999641
9, 21, 19, 23, 99.999641
9, 22, 19, 20, 99.999640
9, 22, 19, 23, 99.999640
9, 23, 19, 20, 99.999641
9, 23, 19, 23, 99.999640
9, 24, 19, 20, 99.999641
9, 24, 19, 23, 99.999641
9, 25, 19, 20, 99.999638
9, 25, 19, 23, 99.999637
9, 26, 19, 20, 99.999640
9, 26, 19, 23, 99.999639
9, 27, 19, 20, 99.999643
9, 27, 19, 23, 99.999643
9, 28, 19, 20, 99.999642
9, 28, 19, 23, 99.999641
9, 29, 19, 20, 99.999641
9, 29, 19, 23, 99.999641
10, 1, 23, 1, 98.941947
10, 1, 20, 1, 98.941938
10, 2, 20, 5, 98.941960
10, 2, 20, 2, 98.941939
10, 3, 23, 4, 98.941926
10, 3, 23, 3, 98.941924
10, 4, 23, 3, 98.941920
10, 4, 23, 4, 98.941917
10, 5, 20, 5, 98.941923
10, 5, 23, 4, 98.941921
10, 6, 23, 4, 98.941914
10, 6, 20, 5, 98.941913
10, 7, 20, 2, 98.941916
10, 7, 23, 4, 98.941914
10, 8, 23, 4, 98.941921
10, 8, 20, 5, 98.941920
10, 9, 23, 4, 98.941921
10, 9, 20, 5, 98.941920
10, 10, 20, 5, 98.941934
10, 10, 23, 4, 98.941928
10, 11, 20, 5, 98.941937
10, 11, 23, 4, 98.941928
10, 12, 20, 1, 98.941922
10, 12, 20, 2, 98.941918
10, 13, 20, 2, 98.941922
10, 13, 20, 5, 98.941920
10, 14, 20, 5, 98.941939
10, 14, 23, 4, 98.941931
10, 15, 23, 4, 98.941940
10, 15, 23, 3, 98.941935
10, 16, 20, 5, 98.941961
10, 16, 20, 2, 98.941948
10, 17, 14, 17, 99.999903
10, 17, 55, 26, 99.999670
10, 18, 63, 2, 97.660459
10, 18, 56, 6, 97.660459
10, 19, 23, 18, 98.947855
10, 19, 23, 20, 98.947851
10, 20, 23, 20, 98.947838
10, 20, 23, 18, 98.947835
10, 21, 23, 20, 98.947830
10, 21, 23, 19, 98.947826
10, 22, 23, 20, 98.947825
10, 22, 23, 19, 98.947821
10, 23, 23, 20, 98.947830
10, 23, 23, 19, 98.947826
10, 24, 23, 20, 98.947830
10, 24, 23, 19, 98.947826
10, 25, 23, 20, 98.947830
10, 25, 23, 19, 98.947826
10, 26, 23, 20, 98.947810
10, 26, 23, 19, 98.947797
10, 27, 23, 20, 98.947821
10, 27, 23, 19, 98.947813
10, 28, 23, 20, 98.947812
10, 28, 23, 19, 98.947804
10, 29, 23, 20, 98.947812
10, 29, 23, 19, 98.947804
11, 1, 15, 28, 99.999532
11, 1, 1, 12, 99.999532
11, 2, 15, 28, 99.999532
11, 2, 1, 12, 99.999532
11, 3, 15, 28, 99.999532
11, 3, 1, 12, 99.999532
11, 4, 15, 28, 99.999532
11, 4, 1, 12, 99.999532
11, 5, 15, 28, 99.999533
11, 5, 1, 12, 99.999533
11, 6, 15, 28, 99.999533
11, 6, 1, 12, 99.999533
11, 7, 15, 28, 99.999533
11, 7, 1, 12, 99.999533
11, 8, 15, 28, 99.999532
11, 8, 1, 12, 99.999532
11, 9, 15, 28, 99.999533
11, 9, 1, 12, 99.999533
11, 10, 15, 28, 99.999534
11, 10, 1, 12, 99.999533
11, 11, 15, 28, 99.999533
11, 11, 1, 12, 99.999533
11, 12, 15, 28, 99.999533
11, 12, 1, 12, 99.999533
11, 13, 15, 28, 99.999532
11, 13, 1, 12, 99.999532
11, 14, 15, 28, 99.999532
11, 14, 1, 12, 99.999532
11, 15, 15, 28, 99.999532
11, 15, 1, 12, 99.999532
11, 16, 15, 28, 99.999532
11, 16, 1, 12, 99.999532
11, 17, 15, 28, 99.999532
11, 17, 1, 12, 99.999532
11, 18, 15, 28, 99.999532
11, 18, 1, 12, 99.999532
11, 19, 15, 28, 99.999532
11, 19, 1, 12, 99.999532
11, 20, 15, 28, 99.999532
11, 20, 1, 12, 99.999532
11, 21, 15, 28, 99.999532
11, 21, 1, 12, 99.999532
11, 22, 15, 28, 99.999533
11, 22, 1, 12, 99.999533
11, 23, 15, 28, 99.999533
11, 23, 1, 12, 99.999533
11, 24, 15, 28, 99.999533
11, 24, 1, 12, 99.999533
11, 25, 15, 28, 99.999532
11, 25, 1, 12, 99.999532
11, 26, 15, 28, 99.999533
11, 26, 1, 12, 99.999533
11, 27, 15, 28, 99.999533
11, 27, 1, 12, 99.999533
11, 28, 15, 28, 99.999533
11, 28, 1, 12, 99.999533
11, 29, 15, 28, 99.999533
11, 29, 1, 12, 99.999533
12, 1, 19, 20, 99.999647
12, 1, 19, 23, 99.999647
12, 2, 19, 20, 99.999647
12, 2, 19, 23, 99.999646
12, 3, 19, 20, 99.999647
12, 3, 19, 23, 99.999646
12, 4, 19, 20, 99.999647
12, 4, 19, 23, 99.999646
12, 5, 19, 20, 99.999647
12, 5, 19, 23, 99.999646
12, 6, 19, 20, 99.999647
12, 6, 19, 23, 99.999646
12, 7, 19, 20, 99.999644
12, 7, 19, 23, 99.999644
12, 8, 19, 20, 99.999646
12, 8, 19, 23, 99.999645
12, 9, 19, 20, 99.999647
12, 9, 19, 23, 99.999646
12, 10, 19, 20, 99.999647
12, 10, 19, 23, 99.999647
12, 11, 19, 20, 99.999646
12, 11, 19, 23, 99.999645
12, 12, 19, 20, 99.999646
12, 12, 19, 23, 99.999645
12, 13, 19, 20, 99.999646
12, 13, 19, 23, 99.999646
12, 14, 19, 20, 99.999647
12, 14, 19, 23, 99.999646
12, 15, 19, 20, 99.999647
12, 15, 19, 23, 99.999646
12, 16, 19, 20, 99.999648
12, 16, 19, 23, 99.999647
12, 17, 19, 20, 99.999647
12, 17, 19, 23, 99.999647
12, 18, 19, 20, 99.999648
12, 18, 19, 23, 99.999647
12, 19, 19, 20, 99.999647
12, 19, 19, 23, 99.999647
12, 20, 19, 20, 99.999649
12, 20, 19, 23, 99.999648
12, 21, 19, 20, 99.999649
12, 21, 19, 23, 99.999648
12, 22, 19, 20, 99.999648
12, 22, 19, 23, 99.999648
12, 23, 19, 20, 99.999647
12, 23, 19, 23, 99.999647
12, 24, 19, 20, 99.999648
12, 24, 19, 23, 99.999648
12, 25, 19, 20, 99.999648
12, 25, 19, 23, 99.999647
12, 26, 19, 20, 99.999645
12, 26, 19, 23, 99.999645
12, 27, 19, 20, 99.999645
12, 27, 19, 23, 99.999645
12, 28, 19, 20, 99.999641
12, 28, 19, 23, 99.999641
12, 29, 19, 20, 99.999645
12, 29, 19, 23, 99.999644
12, 30, 19, 20, 99.999647
12, 30, 19, 23, 99.999647
13, 1, 19, 20, 99.999648
13, 1, 42, 20, 99.999648
13, 2, 19, 20, 99.999648
13, 2, 42, 20, 99.999648
13, 3, 19, 20, 99.999647
13, 3, 42, 20, 99.999647
13, 4, 19, 20, 99.999647
13, 4, 42, 20, 99.999647
13, 5, 19, 20, 99.999647
13, 5, 42, 20, 99.999647
13, 6, 19, 20, 99.999647
13, 6, 42, 20, 99.999647
13, 7, 19, 20, 99.999646
13, 7, 42, 20, 99.999646
13, 8, 19, 20, 99.999646
13, 8, 42, 20, 99.999646
13, 9, 19, 20, 99.999647
13, 9, 42, 20, 99.999647
13, 10, 19, 20, 99.999647
13, 10, 42, 20, 99.999647
13, 11, 19, 20, 99.999647
13, 11, 42, 20, 99.999647
13, 12, 19, 20, 99.999647
13, 12, 42, 20, 99.999647
13, 13, 19, 20, 99.999647
13, 13, 42, 20, 99.999647
13, 14, 19, 20, 99.999648
13, 14, 42, 20, 99.999647
13, 15, 19, 20, 99.999647
13, 15, 42, 20, 99.999647
13, 16, 19, 20, 99.999648
13, 16, 42, 20, 99.999648
13, 17, 19, 20, 99.999648
13, 17, 42, 20, 99.999648
13, 18, 19, 20, 99.999648
13, 18, 42, 20, 99.999648
13, 19, 19, 20, 99.999648
13, 19, 42, 20, 99.999648
13, 20, 19, 20, 99.999648
13, 20, 42, 20, 99.999648
13, 21, 19, 20, 99.999647
13, 21, 42, 20, 99.999647
13, 22, 19, 20, 99.999647
13, 22, 42, 20, 99.999647
13, 23, 19, 20, 99.999648
13, 23, 42, 20, 99.999647
13, 24, 19, 20, 99.999647
13, 24, 42, 20, 99.999647
13, 25, 19, 20, 99.999643
13, 25, 42, 20, 99.999643
13, 26, 19, 20, 99.999642
13, 26, 42, 20, 99.999642
13, 27, 19, 20, 99.999645
13, 27, 42, 20, 99.999645
13, 28, 19, 20, 99.999646
13, 28, 42, 20, 99.999646
13, 29, 19, 20, 99.999646
13, 29, 42, 20, 99.999646
14, 1, 23, 1, 98.941947
14, 1, 20, 1, 98.941938
14, 2, 20, 5, 98.941960
14, 2, 20, 2, 98.941939
14, 3, 23, 4, 98.941926
14, 3, 23, 3, 98.941924
14, 4, 23, 3, 98.941920
14, 4, 23, 4, 98.941917
14, 5, 20, 5, 98.941923
14, 5, 23, 4, 98.941921
14, 6, 23, 4, 98.941914
14, 6, 20, 5, 98.941913
14, 7, 20, 2, 98.941916
14, 7, 23, 4, 98.941914
14, 8, 23, 4, 98.941921
14, 8, 20, 5, 98.941920
14, 9, 23, 4, 98.941921
14, 9, 20, 5, 98.941920
14, 10, 20, 5, 98.941934
14, 10, 23, 4, 98.941928
14, 11, 20, 5, 98.941937
14, 11, 23, 4, 98.941928
14, 12, 20, 1, 98.941922
14, 12, 20, 2, 98.941918
14, 13, 20, 2, 98.941922
14, 13, 20, 5, 98.941920
14, 14, 20, 5, 98.941939
14, 14, 23, 4, 98.941931
14, 15, 23, 4, 98.941940
14, 15, 23, 3, 98.941935
14, 16, 20, 5, 98.941961
14, 16, 20, 2, 98.941948
14, 17, 10, 17, 99.999903
14, 17, 55, 26, 99.999670
14, 18, 63, 2, 97.660459
14, 18, 56, 6, 97.660459
14, 19, 23, 18, 98.947855
14, 19, 23, 20, 98.947851
14, 20, 23, 20, 98.947838
14, 20, 23, 18, 98.947835
14, 21, 23, 20, 98.947830
14, 21, 23, 19, 98.947826
14, 22, 23, 20, 98.947825
14, 22, 23, 19, 98.947821
14, 23, 23, 20, 98.947830
14, 23, 23, 19, 98.947826
14, 24, 23, 20, 98.947830
14, 24, 23, 19, 98.947826
14, 25, 23, 20, 98.947830
14, 25, 23, 19, 98.947826
14, 26, 23, 20, 98.947810
14, 26, 23, 19, 98.947797
14, 27, 23, 20, 98.947821
14, 27, 23, 19, 98.947813
14, 28, 23, 20, 98.947812
14, 28, 23, 19, 98.947804
14, 29, 23, 20, 98.947812
14, 29, 23, 19, 98.947804
15, 1, 1, 12, 99.999532
15, 1, 1, 7, 99.999532
15, 2, 1, 12, 99.999532
15, 2, 1, 7, 99.999532
15, 3, 1, 12, 99.999532
15, 3, 1, 7, 99.999532
15, 4, 1, 12, 99.999532
15, 4, 1, 7, 99.999532
15, 5, 1, 12, 99.999533
15, 5, 1, 7, 99.999532
15, 6, 1, 12, 99.999533
15, 6, 1, 7, 99.999533
15, 7, 1, 12, 99.999533
15, 7, 1, 7, 99.999533
15, 8, 1, 12, 99.999532
15, 8, 1, 7, 99.999532
15, 9, 1, 12, 99.999533
15, 9, 1, 7, 99.999533
15, 10, 1, 12, 99.999533
15, 10, 1, 7, 99.999533
15, 11, 1, 12, 99.999533
15, 11, 1, 7, 99.999533
15, 12, 1, 12, 99.999532
15, 12, 1, 7, 99.999532
15, 13, 1, 12, 99.999532
15, 13, 1, 7, 99.999532
15, 14, 1, 12, 99.999532
15, 14, 1, 7, 99.999532
15, 15, 1, 12, 99.999532
15, 15, 1, 7, 99.999532
15, 16, 1, 12, 99.999532
15, 16, 1, 7, 99.999532
15, 17, 1, 12, 99.999532
15, 17, 1, 7, 99.999532
15, 18, 1, 12, 99.999532
15, 18, 1, 7, 99.999532
15, 19, 1, 12, 99.999532
15, 19, 1, 7, 99.999532
15, 20, 1, 12, 99.999532
15, 20, 1, 7, 99.999532
15, 21, 1, 12, 99.999532
15, 21, 1, 7, 99.999532
15, 22, 1, 12, 99.999532
15, 22, 1, 7, 99.999532
15, 23, 1, 12, 99.999533
15, 23, 1, 7, 99.999533
15, 24, 1, 12, 99.999533
15, 24, 1, 7, 99.999533
15, 25, 1, 12, 99.999533
15, 25, 1, 7, 99.999533
15, 26, 1, 12, 99.999532
15, 26, 1, 7, 99.999532
15, 27, 1, 12, 99.999533
15, 27, 1, 7, 99.999533
15, 28, 1, 12, 99.999533
15, 28, 1, 7, 99.999533
15, 29, 1, 12, 99.999533
15, 29, 1, 7, 99.999533
15, 30, 1, 12, 99.999532
15, 30, 1, 7, 99.999532
16, 1, 19, 20, 99.999648
16, 1, 42, 20, 99.999648
16, 2, 19, 20, 99.999647
16, 2, 42, 20, 99.999647
16, 3, 19, 20, 99.999647
16, 3, 42, 20, 99.999647
16, 4, 19, 20, 99.999647
16, 4, 42, 20, 99.999647
16, 5, 19, 20, 99.999647
16, 5, 42, 20, 99.999647
16, 6, 19, 20, 99.999647
16, 6, 42, 20, 99.999647
16, 7, 19, 20, 99.999646
16, 7, 42, 20, 99.999645
16, 8, 19, 20, 99.999644
16, 8, 42, 20, 99.999644
16, 9, 19, 20, 99.999644
16, 9, 42, 20, 99.999644
16, 10, 19, 20, 99.999647
16, 10, 42, 20, 99.999647
16, 11, 19, 20, 99.999647
16, 11, 42, 20, 99.999647
16, 12, 19, 20, 99.999648
16, 12, 42, 20, 99.999647
16, 13, 19, 20, 99.999647
16, 13, 42, 20, 99.999647
16, 14, 19, 20, 99.999648
16, 14, 42, 20, 99.999648
16, 15, 19, 20, 99.999647
16, 15, 42, 20, 99.999647
16, 16, 19, 20, 99.999647
16, 16, 42, 20, 99.999647
16, 17, 19, 20, 99.999647
16, 17, 42, 20, 99.999647
16, 18, 19, 20, 99.999647
16, 18, 42, 20, 99.999647
16, 19, 19, 20, 99.999648
16, 19, 42, 20, 99.999648
16, 20, 19, 20, 99.999648
16, 20, 42, 20, 99.999648
16, 21, 19, 20, 99.999647
16, 21, 42, 20, 99.999647
16, 22, 19, 20, 99.999647
16, 22, 42, 20, 99.999647
16, 23, 19, 20, 99.999646
16, 23, 42, 20, 99.999646
16, 24, 19, 20, 99.999647
16, 24, 42, 20, 99.999647
16, 25, 19, 20, 99.999647
16, 25, 42, 20, 99.999647
16, 26, 19, 20, 99.999645
16, 26, 42, 20, 99.999645
16, 27, 19, 20, 99.999643
16, 27, 42, 20, 99.999643
16, 28, 19, 20, 99.999647
16, 28, 42, 20, 99.999647
16, 29, 19, 20, 99.999647
16, 29, 42, 20, 99.999647
16, 30, 19, 20, 99.999647
16, 30, 42, 20, 99.999647
17, 1, 23, 1, 98.941947
17, 1, 20, 1, 98.941938
17, 2, 23, 9, 98.947093
17, 2, 23, 7, 98.947062
17, 3, 23, 9, 98.947065
17, 3, 23, 7, 98.947062
17, 4, 23, 15, 98.947041
17, 4, 23, 11, 98.947038
17, 5, 23, 11, 98.947045
17, 5, 23, 15, 98.947040
17, 6, 23, 11, 98.947051
17, 6, 23, 15, 98.947045
17, 7, 23, 11, 98.947045
17, 7, 23, 15, 98.947040
17, 8, 23, 11, 98.946985
17, 8, 23, 16, 98.946981
17, 9, 23, 11, 98.946985
17, 9, 23, 16, 98.946981
17, 10, 23, 11, 98.947037
17, 10, 23, 15, 98.947033
17, 11, 23, 11, 98.947046
17, 11, 23, 15, 98.947041
17, 12, 23, 11, 98.947046
17, 12, 23, 15, 98.947042
17, 13, 23, 11, 98.947051
17, 13, 23, 15, 98.947048
17, 14, 23, 11, 98.947058
17, 14, 23, 15, 98.947056
17, 15, 23, 15, 98.947054
17, 15, 23, 13, 98.947050
17, 16, 23, 11, 98.947071
17, 16, 23, 15, 98.947069
17, 17, 44, 13, 99.254118
17, 17, 44, 12, 99.254082
17, 18, 7, 28, 99.616066
17, 18, 7, 29, 99.616047
17, 19, 20, 21, 98.950092
17, 19, 20, 26, 98.950075
17, 20, 20, 22, 98.950075
17, 20, 20, 21, 98.950074
17, 21, 20, 22, 98.950073
17, 21, 20, 23, 98.950073
17, 22, 20, 23, 98.950071
17, 22, 20, 30, 98.950071
17, 23, 20, 23, 98.950071
17, 23, 20, 30, 98.950071
17, 24, 20, 23, 98.950071
17, 24, 20, 30, 98.950071
17, 25, 20, 23, 98.950071
17, 25, 20, 30, 98.950071
17, 26, 20, 23, 98.950071
17, 26, 20, 30, 98.950071
17, 27, 20, 23, 98.950071
17, 27, 20, 30, 98.950071
17, 28, 20, 23, 98.950073
17, 28, 20, 30, 98.950073
17, 29, 20, 23, 98.950071
17, 29, 20, 30, 98.950071
17, 30, 20, 23, 98.950071
17, 30, 20, 30, 98.950071
18, 1, 15, 28, 99.999532
18, 1, 1, 12, 99.999532
18, 2, 15, 28, 99.999532
18, 2, 1, 12, 99.999532
18, 3, 15, 28, 99.999532
18, 3, 1, 12, 99.999532
18, 4, 15, 28, 99.999532
18, 4, 1, 12, 99.999532
18, 5, 15, 28, 99.999532
18, 5, 1, 12, 99.999532
18, 6, 15, 28, 99.999532
18, 6, 1, 12, 99.999532
18, 7, 15, 28, 99.999532
18, 7, 1, 12, 99.999532
18, 8, 15, 28, 99.999532
18, 8, 1, 12, 99.999532
18, 9, 15, 28, 99.999532
18, 9, 1, 12, 99.999532
18, 10, 15, 28, 99.999533
18, 10, 1, 12, 99.999532
18, 11, 15, 28, 99.999532
18, 11, 1, 12, 99.999532
18, 12, 15, 28, 99.999533
18, 12, 1, 12, 99.999532
18, 13, 15, 28, 99.999533
18, 13, 1, 12, 99.999533
18, 14, 15, 28, 99.999532
18, 14, 1, 12, 99.999532
18, 15, 15, 28, 99.999532
18, 15, 1, 12, 99.999532
18, 16, 15, 28, 99.999532
18, 16, 1, 12, 99.999532
18, 17, 15, 28, 99.999532
18, 17, 1, 12, 99.999532
18, 18, 15, 28, 99.999532
18, 18, 1, 12, 99.999532
18, 19, 15, 28, 99.999532
18, 19, 1, 12, 99.999532
18, 20, 15, 28, 99.999532
18, 20, 1, 12, 99.999532
18, 21, 15, 28, 99.999532
18, 21, 1, 12, 99.999532
18, 22, 15, 28, 99.999532
18, 22, 1, 12, 99.999532
18, 23, 15, 28, 99.999533
18, 23, 1, 12, 99.999532
18, 24, 15, 28, 99.999533
18, 24, 1, 12, 99.999532
18, 25, 15, 28, 99.999533
18, 25, 1, 12, 99.999533
18, 26, 15, 28, 99.999533
18, 26, 1, 12, 99.999532
18, 27, 15, 28, 99.999533
18, 27, 1, 12, 99.999533
18, 28, 15, 28, 99.999533
18, 28, 1, 12, 99.999533
18, 29, 15, 28, 99.999533
18, 29, 1, 12, 99.999532
18, 30, 15, 28, 99.999533
18, 30, 1, 12, 99.999532
19, 1, 12, 20, 99.999647
19, 1, 12, 21, 99.999646
19, 2, 12, 20, 99.999647
19, 2, 12, 21, 99.999647
19, 3, 12, 20, 99.999646
19, 3, 42, 20, 99.999646
19, 4, 12, 20, 99.999646
19, 4, 12, 21, 99.999646
19, 5, 12, 20, 99.999647
19, 5, 12, 21, 99.999647
19, 6, 12, 20, 99.999647
19, 6, 12, 21, 99.999647
19, 7, 12, 20, 99.999647
19, 7, 12, 21, 99.999647
19, 8, 12, 20, 99.999646
19, 8, 12, 21, 99.999646
19, 9, 12, 20, 99.999647
19, 9, 12, 21, 99.999647
19, 10, 12, 20, 99.999646
19, 10, 12, 21, 99.999646
19, 11, 12, 20, 99.999646
19, 11, 12, 21, 99.999646
19, 12, 12, 20, 99.999647
19, 12, 12, 21, 99.999646
19, 13, 12, 20, 99.999647
19, 13, 12, 21, 99.999647
19, 14, 12, 20, 99.999646
19, 14, 12, 21, 99.999646
19, 15, 12, 20, 99.999647
19, 15, 12, 21, 99.999647
19, 16, 12, 20, 99.999647
19, 16, 12, 21, 99.999647
19, 17, 12, 20, 99.999647
19, 17, 42, 20, 99.999646
19, 18, 12, 20, 99.999647
19, 18, 12, 21, 99.999646
19, 19, 12, 20, 99.999647
19, 19, 12, 21, 99.999647
19, 20, 12, 20, 99.999649
19, 20, 12, 21, 99.999649
19, 21, 12, 20, 99.999648
19, 21, 12, 21, 99.999648
19, 22, 12, 20, 99.999648
19, 22, 12, 21, 99.999648
19, 23, 12, 20, 99.999648
19, 23, 12, 21, 99.999648
19, 24, 12, 20, 99.999647
19, 24, 12, 21, 99.999647
19, 25, 12, 20, 99.999647
19, 25, 12, 21, 99.999647
19, 26, 12, 20, 99.999645
19, 26, 12, 21, 99.999645
19, 27, 12, 20, 99.999644
19, 27, 42, 20, 99.999644
19, 28, 12, 20, 99.999644
19, 28, 12, 21, 99.999644
19, 29, 12, 20, 99.999644
19, 29, 12, 21, 99.999644
19, 30, 42, 20, 99.999646
19, 30, 12, 20, 99.999646
20, 1, 23, 1, 98.941944
20, 1, 23, 3, 98.941922
20, 2, 23, 4, 98.941925
20, 2, 23, 3, 98.941918
20, 3, 23, 4, 98.941913
20, 3, 23, 3, 98.941908
20, 4, 23, 4, 98.941915
20, 4, 23, 3, 98.941913
20, 5, 23, 4, 98.941926
20, 5, 23, 3, 98.941910
20, 6, 17, 16, 98.947186
20, 6, 17, 14, 98.947184
20, 7, 17, 3, 98.947196
20, 7, 17, 14, 98.947193
20, 8, 17, 16, 98.947180
20, 8, 17, 15, 98.947173
20, 9, 17, 15, 98.947189
20, 9, 17, 16, 98.947185
20, 10, 17, 16, 98.947183
20, 10, 17, 14, 98.947182
20, 11, 17, 16, 98.947187
20, 11, 17, 14, 98.947183
20, 12, 17, 2, 98.947192
20, 12, 17, 3, 98.947172
20, 13, 17, 3, 98.947159
20, 13, 17, 16, 98.947159
20, 14, 17, 14, 98.947187
20, 14, 17, 16, 98.947186
20, 15, 17, 16, 98.947191
20, 15, 17, 14, 98.947188
20, 16, 17, 14, 98.947170
20, 16, 17, 3, 98.947169
20, 17, 17, 3, 98.947206
20, 17, 17, 14, 98.947202
20, 18, 23, 20, 98.947811
20, 18, 23, 18, 98.947801
20, 19, 23, 18, 98.947858
20, 19, 23, 20, 98.947851
20, 20, 23, 21, 99.266998
20, 20, 56, 22, 99.250885
20, 21, 17, 19, 98.950186
20, 21, 17, 20, 98.950165
20, 22, 17, 20, 98.950166
20, 22, 17, 21, 98.950163
20, 23, 17, 28, 98.950163
20, 23, 17, 21, 98.950163
20, 24, 17, 30, 98.950140
20, 24, 17, 29, 98.950140
20, 25, 17, 28, 98.950131
20, 25, 17, 30, 98.950130
20, 26, 17, 19, 98.950166
20, 26, 17, 28, 98.950150
20, 27, 17, 28, 98.950154
20, 27, 17, 29, 98.950154
20, 28, 17, 19, 98.950149
20, 28, 17, 28, 98.950133
20, 29, 17, 19, 98.950141
20, 29, 17, 28, 98.950138
20, 30, 17, 28, 98.950163
20, 30, 17, 21, 98.950162
21, 1, 15, 28, 99.999532
21, 1, 1, 12, 99.999532
21, 2, 15, 28, 99.999532
21, 2, 1, 12, 99.999532
21, 3, 15, 28, 99.999532
21, 3, 1, 12, 99.999532
21, 4, 15, 28, 99.999532
21, 4, 1, 12, 99.999532
21, 5, 15, 28, 99.999533
21, 5, 1, 12, 99.999533
21, 6, 15, 28, 99.999532
21, 6, 1, 12, 99.999532
21, 7, 15, 28, 99.999532
21, 7, 1, 12, 99.999532
21, 8, 15, 28, 99.999532
21, 8, 1, 12, 99.999532
21, 9, 15, 28, 99.999532
21, 9, 1, 12, 99.999532
21, 10, 15, 28, 99.999532
21, 10, 1, 12, 99.999532
21, 11, 15, 28, 99.999533
21, 11, 1, 12, 99.999533
21, 12, 15, 28, 99.999533
21, 12, 1, 12, 99.999533
21, 13, 15, 28, 99.999532
21, 13, 1, 12, 99.999532
21, 14, 15, 28, 99.999532
21, 14, 1, 12, 99.999532
21, 15, 15, 28, 99.999532
21, 15, 1, 12, 99.999532
21, 16, 15, 28, 99.999532
21, 16, 1, 12, 99.999532
21, 17, 15, 28, 99.999532
21, 17, 1, 12, 99.999532
21, 18, 15, 28, 99.999532
21, 18, 1, 12, 99.999532
21, 19, 15, 28, 99.999532
21, 19, 1, 12, 99.999532
21, 20, 15, 28, 99.999532
21, 20, 1, 12, 99.999532
21, 21, 15, 28, 99.999532
21, 21, 1, 12, 99.999532
21, 22, 15, 28, 99.999532
21, 22, 1, 12, 99.999532
21, 23, 15, 28, 99.999532
21, 23, 1, 12, 99.999532
21, 24, 15, 28, 99.999532
21, 24, 1, 12, 99.999532
21, 25, 15, 28, 99.999533
21, 25, 1, 12, 99.999533
21, 26, 15, 28, 99.999533
21, 26, 1, 12, 99.999533
21, 27, 15, 28, 99.999533
21, 27, 1, 12, 99.999532
21, 28, 15, 28, 99.999533
21, 28, 1, 12, 99.999533
21, 29, 15, 28, 99.999533
21, 29, 1, 12, 99.999532
22, 1, 19, 20, 99.999648
22, 1, 42, 20, 99.999647
22, 2, 19, 20, 99.999648
22, 2, 42, 20, 99.999647
22, 3, 19, 20, 99.999646
22, 3, 42, 20, 99.999646
22, 4, 19, 20, 99.999646
22, 4, 42, 20, 99.999646
22, 5, 19, 20, 99.999647
22, 5, 42, 20, 99.999647
22, 6, 19, 20, 99.999647
22, 6, 42, 20, 99.999646
22, 7, 19, 20, 99.999647
22, 7, 42, 20, 99.999647
22, 8, 19, 20, 99.999648
22, 8, 42, 20, 99.999647
22, 9, 19, 20, 99.999648
22, 9, 42, 20, 99.999647
22, 10, 19, 20, 99.999647
22, 10, 42, 20, 99.999647
22, 11, 19, 20, 99.999646
22, 11, 42, 20, 99.999646
22, 12, 19, 20, 99.999647
22, 12, 42, 20, 99.999647
22, 13, 19, 20, 99.999648
22, 13, 42, 20, 99.999647
22, 14, 19, 20, 99.999647
22, 14, 42, 20, 99.999647
22, 15, 19, 20, 99.999648
22, 15, 42, 20, 99.999648
22, 16, 19, 20, 99.999647
22, 16, 42, 20, 99.999647
22, 17, 19, 20, 99.999647
22, 17, 42, 20, 99.999647
22, 18, 19, 20, 99.999647
22, 18, 42, 20, 99.999647
22, 19, 19, 20, 99.999647
22, 19, 42, 20, 99.999646
22, 20, 19, 20, 99.999646
22, 20, 42, 20, 99.999646
22, 21, 19, 20, 99.999645
22, 21, 42, 20, 99.999645
22, 22, 19, 20, 99.999645
22, 22, 42, 20, 99.999645
22, 23, 19, 20, 99.999644
22, 23, 42, 20, 99.999644
22, 24, 19, 20, 99.999645
22, 24, 42, 20, 99.999644
22, 25, 19, 20, 99.999644
22, 25, 42, 20, 99.999643
22, 26, 19, 20, 99.999644
22, 26, 42, 20, 99.999644
22, 27, 19, 20, 99.999644
22, 27, 42, 20, 99.999644
22, 28, 19, 20, 99.999645
22, 28, 42, 20, 99.999645
22, 29, 19, 20, 99.999644
22, 29, 42, 20, 99.999644
23, 1, 20, 1, 98.941938
23, 1, 20, 4, 98.941898
23, 2, 20, 1, 98.941911
23, 2, 20, 2, 98.941906
23, 3, 20, 1, 98.941921
23, 3, 20, 2, 98.941915
23, 4, 20, 5, 98.941924
23, 4, 20, 2, 98.941923
23, 5, 51, 18, 99.253499
23, 5, 51, 22, 99.253492
23, 6, 17, 16, 98.947186
23, 6, 17, 15, 98.947179
23, 7, 17, 2, 98.947200
23, 7, 17, 3, 98.947198
23, 8, 17, 16, 98.947190
23, 8, 17, 14, 98.947181
23, 9, 17, 2, 98.947228
23, 9, 17, 3, 98.947197
23, 10, 17, 2, 98.947175
23, 10, 17, 3, 98.947172
23, 11, 17, 16, 98.947207
23, 11, 17, 14, 98.947194
23, 12, 17, 16, 98.947176
23, 12, 17, 13, 98.947164
23, 13, 17, 16, 98.947194
23, 13, 17, 15, 98.947185
23, 14, 17, 3, 98.947175
23, 14, 17, 2, 98.947175
23, 15, 17, 16, 98.947205
23, 15, 17, 14, 98.947192
23, 16, 17, 16, 98.947188
23, 16, 17, 13, 98.947175
23, 17, 7, 27, 99.256656
23, 17, 7, 17, 99.256653
23, 18, 20, 19, 98.947767
23, 18, 20, 18, 98.947710
23, 19, 20, 19, 98.947756
23, 19, 20, 18, 98.947689
23, 20, 20, 19, 98.947762
23, 20, 20, 18, 98.947722
23, 21, 20, 20, 99.266965
23, 21, 56, 22, 99.250912
23, 22, 17, 19, 98.950180
23, 22, 17, 20, 98.950179
23, 23, 17, 19, 98.950180
23, 23, 17, 28, 98.950165
23, 24, 17, 30, 98.950157
23, 24, 17, 29, 98.950157
23, 25, 17, 29, 98.950164
23, 25, 17, 27, 98.950164
23, 26, 17, 30, 98.950138
23, 26, 17, 29, 98.950138
23, 27, 17, 29, 98.950164
23, 27, 17, 27, 98.950164
23, 28, 17, 30, 98.950138
23, 28, 17, 29, 98.950138
23, 29, 17, 29, 98.950164
23, 29, 17, 27, 98.950164
23, 30, 17, 30, 98.950138
23, 30, 17, 29, 98.950138
24, 1, 20, 1, 98.941983
24, 1, 23, 1, 98.941944
24, 2, 20, 5, 98.941947
24, 2, 20, 2, 98.941936
24, 3, 20, 2, 98.941934
24, 3, 20, 5, 98.941933
24, 4, 20, 1, 98.941914
24, 4, 23, 1, 98.941909
24, 5, 20, 5, 98.941908
24, 5, 20, 2, 98.941904
24, 6, 20, 1, 98.941941
24, 6, 20, 2, 98.941936
24, 7, 20, 5, 98.941954
24, 7, 20, 2, 98.941940
24, 8, 17, 15, 98.947221
24, 8, 17, 16, 98.947197
24, 9, 17, 16, 98.947187
24, 9, 17, 14, 98.947185
24, 10, 17, 16, 98.947168
24, 10, 17, 15, 98.947165
24, 11, 17, 16, 98.947187
24, 11, 17, 14, 98.947183
24, 12, 17, 2, 98.947177
24, 12, 17, 3, 98.947165
24, 13, 17, 15, 98.947190
24, 13, 17, 16, 98.947190
24, 14, 17, 3, 98.947193
24, 14, 17, 14, 98.947190
24, 15, 17, 3, 98.947191
24, 15, 17, 14, 98.947190
24, 16, 17, 16, 98.947202
24, 16, 17, 3, 98.947198
24, 17, 63, 2, 97.660459
24, 17, 56, 6, 97.660459
24, 18, 23, 20, 98.947820
24, 18, 23, 18, 98.947815
24, 19, 23, 20, 98.947825
24, 19, 23, 18, 98.947815
24, 20, 23, 20, 98.947802
24, 20, 23, 19, 98.947795
24, 21, 23, 18, 98.947868
24, 21, 23, 20, 98.947861
24, 22, 17, 19, 98.950187
24, 22, 17, 20, 98.950165
24, 23, 17, 21, 98.950165
24, 23, 17, 28, 98.950165
24, 24, 17, 20, 98.950165
24, 24, 17, 21, 98.950165
24, 25, 17, 28, 98.950132
24, 25, 17, 30, 98.950132
24, 26, 17, 20, 98.950158
24, 26, 17, 21, 98.950157
24, 27, 17, 28, 98.950154
24, 27, 17, 29, 98.950154
24, 28, 17, 19, 98.950148
24, 28, 17, 28, 98.950147
24, 29, 17, 21, 98.950161
24, 29, 17, 28, 98.950161
25, 1, 15, 28, 99.999532
25, 1, 1, 12, 99.999532
25, 2, 15, 28, 99.999532
25, 2, 1, 12, 99.999532
25, 3, 15, 28, 99.999532
25, 3, 1, 12, 99.999532
25, 4, 15, 28, 99.999533
25, 4, 1, 12, 99.999532
25, 5, 15, 28, 99.999532
25, 5, 1, 12, 99.999532
25, 6, 15, 28, 99.999532
25, 6, 1, 12, 99.999532
25, 7, 15, 28, 99.999532
25, 7, 1, 12, 99.999532
25, 8, 15, 28, 99.999532
25, 8, 1, 12, 99.999532
25, 9, 15, 28, 99.999532
25, 9, 1, 12, 99.999532
25, 10, 15, 28, 99.999532
25, 10, 1, 12, 99.999532
25, 11, 15, 28, 99.999532
25, 11, 1, 12, 99.999532
25, 12, 15, 28, 99.999533
25, 12, 1, 12, 99.999532
25, 13, 15, 28, 99.999533
25, 13, 1, 12, 99.999532
25, 14, 15, 28, 99.999533
25, 14, 1, 12, 99.999532
25, 15, 15, 28, 99.999532
25, 15, 1, 12, 99.999532
25, 16, 15, 28, 99.999532
25, 16, 1, 12, 99.999532
25, 17, 15, 28, 99.999532
25, 17, 1, 12, 99.999532
25, 18, 15, 28, 99.999532
25, 18, 1, 12, 99.999532
25, 19, 15, 28, 99.999532
25, 19, 1, 12, 99.999532
25, 20, 15, 28, 99.999532
25, 20, 1, 12, 99.999532
25, 21, 15, 28, 99.999533
25, 21, 1, 12, 99.999532
25, 22, 15, 28, 99.999532
25, 22, 1, 12, 99.999532
25, 23, 15, 28, 99.999532
25, 23, 1, 12, 99.999532
25, 24, 15, 28, 99.999532
25, 24, 1, 12, 99.999532
25, 25, 15, 28, 99.999532
25, 25, 1, 12, 99.999532
25, 26, 15, 28, 99.999533
25, 26, 1, 12, 99.999532
25, 27, 15, 28, 99.999533
25, 27, 1, 12, 99.999532
25, 28, 15, 28, 99.999533
25, 28, 1, 12, 99.999532
26, 1, 19, 20, 99.999647
26, 1, 19, 23, 99.999647
26, 2, 19, 20, 99.999647
26, 2, 19, 23, 99.999647
26, 3, 19, 20, 99.999646
26, 3, 19, 23, 99.999646
26, 4, 19, 20, 99.999645
26, 4, 19, 23, 99.999645
26, 5, 19, 20, 99.999647
26, 5, 19, 23, 99.999646
26, 6, 19, 20, 99.999647
26, 6, 19, 23, 99.999646
26, 7, 19, 20, 99.999646
26, 7, 19, 23, 99.999646
26, 8, 19, 20, 99.999647
26, 8, 19, 23, 99.999647
26, 9, 19, 20, 99.999647
26, 9, 19, 23, 99.999647
26, 10, 19, 20, 99.999648
26, 10, 19, 23, 99.999647
26, 11, 19, 20, 99.999647
26, 11, 19, 23, 99.999647
26, 12, 19, 20, 99.999647
26, 12, 19, 23, 99.999647
26, 13, 19, 20, 99.999648
26, 13, 19, 23, 99.999647
26, 14, 19, 20, 99.999647
26, 14, 19, 23, 99.999647
26, 15, 19, 20, 99.999647
26, 15, 19, 23, 99.999647
26, 16, 19, 20, 99.999647
26, 16, 19, 23, 99.999646
26, 17, 19, 20, 99.999647
26, 17, 19, 23, 99.999646
26, 18, 19, 20, 99.999647
26, 18, 19, 23, 99.999646
26, 19, 19, 20, 99.999647
26, 19, 19, 23, 99.999647
26, 20, 19, 20, 99.999648
26, 20, 19, 23, 99.999648
26, 21, 19, 20, 99.999647
26, 21, 19, 23, 99.999646
26, 22, 19, 20, 99.999648
26, 22, 19, 23, 99.999648
26, 23, 19, 20, 99.999648
26, 23, 19, 23, 99.999647
26, 24, 19, 20, 99.999648
26, 24, 19, 23, 99.999648
26, 25, 19, 20, 99.999647
26, 25, 19, 23, 99.999646
26, 26, 19, 20, 99.999644
26, 26, 19, 23, 99.999644
26, 27, 19, 20, 99.999645
26, 27, 19, 23, 99.999645
26, 28, 19, 20, 99.999646
26, 28, 19, 23, 99.999646
27, 1, 20, 1, 98.941983
27, 1, 23, 1, 98.941944
27, 2, 20, 5, 98.941941
27, 2, 20, 2, 98.941940
27, 3, 20, 1, 98.941939
27, 3, 20, 2, 98.941936
27, 4, 20, 1, 98.941906
27, 4, 23, 3, 98.941904
27, 5, 20, 2, 98.941905
27, 5, 20, 1, 98.941903
27, 6, 20, 1, 98.941913
27, 6, 23, 3, 98.941901
27, 7, 20, 2, 98.941934
27, 7, 20, 5, 98.941932
27, 8, 20, 5, 98.941949
27, 8, 23, 4, 98.941926
27, 9, 17, 15, 98.947227
27, 9, 17, 16, 98.947186
27, 10, 17, 15, 98.947199
27, 10, 17, 14, 98.947185
27, 11, 17, 3, 98.947188
27, 11, 17, 14, 98.947186
27, 12, 17, 2, 98.947182
27, 12, 17, 3, 98.947179
27, 13, 17, 16, 98.947185
27, 13, 17, 14, 98.947179
27, 14, 17, 16, 98.947190
27, 14, 17, 15, 98.947186
27, 15, 17, 3, 98.947191
27, 15, 17, 14, 98.947190
27, 16, 17, 16, 98.947199
27, 16, 17, 3, 98.947197
27, 17, 17, 3, 98.947190
27, 17, 17, 14, 98.947188
27, 18, 23, 20, 98.947820
27, 18, 23, 18, 98.947815
27, 19, 23, 20, 98.947825
27, 19, 23, 18, 98.947815
27, 20, 23, 20, 98.947814
27, 20, 23, 18, 98.947801
27, 21, 23, 20, 98.947819
27, 21, 23, 18, 98.947807
27, 22, 23, 20, 98.947838
27, 22, 23, 18, 98.947835
27, 23, 23, 18, 98.947868
27, 23, 23, 20, 98.947861
27, 24, 17, 19, 98.950184
27, 24, 17, 20, 98.950156
27, 25, 17, 28, 98.950163
27, 25, 17, 21, 98.950162
27, 26, 17, 20, 98.950158
27, 26, 17, 21, 98.950157
27, 27, 17, 28, 98.950154
27, 27, 17, 29, 98.950154
27, 28, 17, 19, 98.950157
27, 28, 17, 28, 98.950126
28, 1, 15, 28, 99.999532
28, 1, 1, 12, 99.999532
28, 2, 15, 28, 99.999532
28, 2, 1, 12, 99.999532
28, 3, 15, 28, 99.999532
28, 3, 1, 12, 99.999532
28, 4, 15, 28, 99.999533
28, 4, 1, 12, 99.999532
28, 5, 15, 28, 99.999533
28, 5, 1, 12, 99.999533
28, 6, 15, 28, 99.999533
28, 6, 1, 12, 99.999533
28, 7, 15, 28, 99.999533
28, 7, 1, 12, 99.999533
28, 8, 15, 28, 99.999532
28, 8, 1, 12, 99.999532
28, 9, 15, 28, 99.999532
28, 9, 1, 12, 99.999532
28, 10, 15, 28, 99.999532
28, 10, 1, 12, 99.999532
28, 11, 15, 28, 99.999532
28, 11, 1, 12, 99.999532
28, 12, 15, 28, 99.999532
28, 12, 1, 12, 99.999532
28, 13, 15, 28, 99.999532
28, 13, 1, 12, 99.999532
28, 14, 15, 28, 99.999532
28, 14, 1, 12, 99.999532
28, 15, 15, 28, 99.999532
28, 15, 1, 12, 99.999532
28, 16, 15, 28, 99.999532
28, 16, 1, 12, 99.999532
28, 17, 15, 28, 99.999532
28, 17, 1, 12, 99.999532
28, 18, 15, 28, 99.999532
28, 18, 1, 12, 99.999532
28, 19, 15, 28, 99.999532
28, 19, 1, 12, 99.999532
28, 20, 15, 28, 99.999532
28, 20, 1, 12, 99.999532
28, 21, 15, 28, 99.999533
28, 21, 1, 12, 99.999532
28, 22, 15, 28, 99.999533
28, 22, 1, 12, 99.999532
28, 23, 15, 28, 99.999532
28, 23, 1, 12, 99.999532
28, 24, 15, 28, 99.999532
28, 24, 1, 12, 99.999532
28, 25, 15, 28, 99.999532
28, 25, 1, 12, 99.999532
28, 26, 15, 28, 99.999533
28, 26, 1, 12, 99.999532
28, 27, 15, 28, 99.999532
28, 27, 1, 12, 99.999532
28, 28, 15, 28, 99.999533
28, 28, 1, 12, 99.999532
29, 1, 19, 20, 99.999648
29, 1, 42, 20, 99.999647
29, 2, 19, 20, 99.999648
29, 2, 42, 20, 99.999647
29, 3, 19, 20, 99.999647
29, 3, 42, 20, 99.999647
29, 4, 19, 20, 99.999647
29, 4, 42, 20, 99.999647
29, 5, 19, 20, 99.999648
29, 5, 42, 20, 99.999647
29, 6, 19, 20, 99.999646
29, 6, 42, 20, 99.999646
29, 7, 19, 20, 99.999647
29, 7, 42, 20, 99.999646
29, 8, 19, 20, 99.999647
29, 8, 42, 20, 99.999646
29, 9, 19, 20, 99.999648
29, 9, 42, 20, 99.999647
29, 10, 19, 20, 99.999647
29, 10, 42, 20, 99.999647
29, 11, 19, 20, 99.999648
29, 11, 42, 20, 99.999647
29, 12, 19, 20, 99.999647
29, 12, 42, 20, 99.999647
29, 13, 19, 20, 99.999648
29, 13, 42, 20, 99.999647
29, 14, 19, 20, 99.999647
29, 14, 42, 20, 99.999647
29, 15, 19, 20, 99.999647
29, 15, 42, 20, 99.999647
29, 16, 19, 20, 99.999648
29, 16, 42, 20, 99.999648
29, 17, 19, 20, 99.999648
29, 17, 42, 20, 99.999648
29, 18, 19, 20, 99.999648
29, 18, 42, 20, 99.999648
29, 19, 19, 20, 99.999648
29, 19, 42, 20, 99.999647
29, 20, 19, 20, 99.999646
29, 20, 42, 20, 99.999646
29, 21, 19, 20, 99.999646
29, 21, 42, 20, 99.999646
29, 22, 19, 20, 99.999645
29, 22, 42, 20, 99.999645
29, 23, 19, 20, 99.999646
29, 23, 42, 20, 99.999646
29, 24, 19, 20, 99.999646
29, 24, 42, 20, 99.999646
29, 25, 19, 20, 99.999646
29, 25, 42, 20, 99.999646
29, 26, 19, 20, 99.999644
29, 26, 42, 20, 99.999644
29, 27, 19, 20, 99.999644
29, 27, 42, 20, 99.999644
29, 28, 19, 20, 99.999644
29, 28, 42, 20, 99.999644
30, 1, 20, 1, 98.941983
30, 1, 23, 1, 98.941944
30, 2, 20, 5, 98.941944
30, 2, 20, 2, 98.941936
30, 3, 20, 1, 98.941935
30, 3, 20, 2, 98.941927
30, 4, 23, 4, 98.941894
30, 4, 20, 5, 98.941893
30, 5, 20, 2, 98.941905
30, 5, 20, 1, 98.941903
30, 6, 20, 5, 98.941928
30, 6, 20, 2, 98.941926
30, 7, 20, 1, 98.941949
30, 7, 20, 2, 98.941931
30, 8, 20, 1, 98.941924
30, 8, 20, 2, 98.941907
30, 9, 20, 2, 98.941930
30, 9, 20, 5, 98.941929
30, 10, 20, 5, 98.941953
30, 10, 20, 2, 98.941936
30, 11, 17, 15, 98.947228
30, 11, 17, 16, 98.947197
30, 12, 17, 3, 98.947195
30, 12, 17, 14, 98.947192
30, 13, 17, 16, 98.947191
30, 13, 17, 14, 98.947188
30, 14, 17, 15, 98.947190
30, 14, 17, 16, 98.947190
30, 15, 17, 16, 98.947188
30, 15, 17, 14, 98.947188
30, 16, 17, 14, 98.947198
30, 16, 17, 16, 98.947197
30, 17, 63, 2, 97.660459
30, 17, 56, 6, 97.660459
30, 18, 23, 20, 98.947830
30, 18, 23, 18, 98.947825
30, 19, 23, 20, 98.947828
30, 19, 23, 18, 98.947820
30, 20, 23, 20, 98.947821
30, 20, 23, 18, 98.947808
30, 21, 23, 20, 98.947776
30, 21, 23, 19, 98.947765
30, 22, 23, 20, 98.947764
30, 22, 23, 19, 98.947756
30, 23, 23, 20, 98.947824
30, 23, 23, 18, 98.947815
30, 24, 63, 2, 97.660459
30, 24, 56, 6, 97.660459
30, 25, 17, 19, 98.950177
30, 25, 17, 20, 98.950163
30, 26, 17, 19, 98.950205
30, 26, 17, 20, 98.950153
30, 27, 17, 30, 98.950124
30, 27, 17, 29, 98.950124
30, 28, 17, 19, 98.950139
30, 28, 17, 30, 98.950131
31, 1, 15, 28, 99.999532
31, 1, 1, 12, 99.999532
31, 2, 15, 28, 99.999532
31, 2, 1, 12, 99.999532
31, 3, 15, 28, 99.999532
31, 3, 1, 12, 99.999532
31, 4, 15, 28, 99.999532
31, 4, 1, 12, 99.999532
31, 5, 15, 28, 99.999532
31, 5, 1, 12, 99.999532
31, 6, 15, 28, 99.999532
31, 6, 1, 12, 99.999532
31, 7, 15, 28, 99.999532
31, 7, 1, 12, 99.999532
31, 8, 15, 28, 99.999532
31, 8, 1, 12, 99.999532
31, 9, 15, 28, 99.999532
31, 9, 1, 12, 99.999532
31, 10, 15, 28, 99.999532
31, 10, 1, 12, 99.999532
31, 11, 15, 28, 99.999532
31, 11, 1, 12, 99.999532
31, 12, 15, 28, 99.999532
31, 12, 1, 12, 99.999532
31, 13, 15, 28, 99.999532
31, 13, 1, 12, 99.999532
31, 14, 15, 28, 99.999532
31, 14, 1, 12, 99.999532
31, 15, 15, 28, 99.999532
31, 15, 1, 12, 99.999532
31, 16, 15, 28, 99.999532
31, 16, 1, 12, 99.999532
31, 17, 15, 28, 99.999532
31, 17, 1, 12, 99.999532
31, 18, 15, 28, 99.999532
31, 18, 1, 12, 99.999532
31, 19, 15, 28, 99.999532
31, 19, 1, 12, 99.999532
31, 20, 15, 28, 99.999532
31, 20, 1, 12, 99.999532
31, 21, 15, 28, 99.999533
31, 21, 1, 12, 99.999533
31, 22, 15, 28, 99.999533
31, 22, 1, 12, 99.999532
31, 23, 15, 28, 99.999533
31, 23, 1, 12, 99.999533
31, 24, 15, 28, 99.999532
31, 24, 1, 12, 99.999532
31, 25, 15, 28, 99.999533
31, 25, 1, 12, 99.999533
31, 26, 15, 28, 99.999532
31, 26, 1, 12, 99.999532
31, 27, 15, 28, 99.999532
31, 27, 1, 12, 99.999532
31, 28, 15, 28, 99.999532
31, 28, 1, 12, 99.999532
31, 29, 15, 28, 99.999532
31, 29, 1, 12, 99.999532
32, 1, 19, 20, 99.999647
32, 1, 19, 23, 99.999647
32, 2, 19, 20, 99.999647
32, 2, 19, 23, 99.999647
32, 3, 19, 20, 99.999647
32, 3, 19, 23, 99.999647
32, 4, 19, 20, 99.999646
32, 4, 19, 23, 99.999646
32, 5, 19, 20, 99.999646
32, 5, 19, 23, 99.999645
32, 6, 19, 20, 99.999646
32, 6, 19, 23, 99.999645
32, 7, 19, 20, 99.999646
32, 7, 19, 23, 99.999646
32, 8, 19, 20, 99.999646
32, 8, 19, 23, 99.999646
32, 9, 19, 20, 99.999647
32, 9, 19, 23, 99.999646
32, 10, 19, 20, 99.999646
32, 10, 19, 23, 99.999646
32, 11, 19, 20, 99.999647
32, 11, 19, 23, 99.999647
32, 12, 19, 20, 99.999647
32, 12, 19, 23, 99.999646
32, 13, 19, 20, 99.999647
32, 13, 19, 23, 99.999647
32, 14, 19, 20, 99.999647
32, 14, 19, 23, 99.999647
32, 15, 19, 20, 99.999647
32, 15, 19, 23, 99.999646
32, 16, 19, 20, 99.999646
32, 16, 19, 23, 99.999646
32, 17, 19, 20, 99.999647
32, 17, 19, 23, 99.999646
32, 18, 19, 20, 99.999646
32, 18, 19, 23, 99.999646
32, 19, 19, 20, 99.999646
32, 19, 19, 23, 99.999646
32, 20, 19, 20, 99.999648
32, 20, 19, 23, 99.999648
32, 21, 19, 20, 99.999648
32, 21, 19, 23, 99.999647
32, 22, 19, 20, 99.999649
32, 22, 19, 23, 99.999648
32, 23, 19, 20, 99.999648
32, 23, 19, 23, 99.999648
32, 24, 19, 20, 99.999649
32, 24, 19, 23, 99.999648
32, 25, 19, 20, 99.999648
32, 25, 19, 23, 99.999647
32, 26, 19, 20, 99.999646
32, 26, 19, 23, 99.999646
32, 27, 19, 20, 99.999647
32, 27, 19, 23, 99.999646
32, 28, 19, 20, 99.999646
32, 28, 19, 23, 99.999646
32, 29, 19, 20, 99.999646
32, 29, 19, 23, 99.999645
33, 1, 20, 1, 98.941983
33, 1, 23, 1, 98.941944
33, 2, 20, 5, 98.941935
33, 2, 20, 2, 98.941934
33, 3, 20, 1, 98.941935
33, 3, 20, 2, 98.941935
33, 4, 20, 5, 98.941921
33, 4, 23, 4, 98.941917
33, 5, 20, 2, 98.941913
33, 5, 20, 1, 98.941911
33, 6, 23, 4, 98.941916
33, 6, 23, 3, 98.941916
33, 7, 20, 2, 98.941933
33, 7, 20, 5, 98.941932
33, 8, 20, 5, 98.941910
33, 8, 20, 2, 98.941908
33, 9, 20, 1, 98.941905
33, 9, 20, 2, 98.941900
33, 10, 20, 5, 98.941938
33, 10, 20, 2, 98.941928
33, 11, 20, 5, 98.941941
33, 11, 20, 2, 98.941934
33, 12, 20, 5, 98.941957
33, 12, 20, 2, 98.941934
33, 13, 20, 5, 98.941956
33, 13, 20, 2, 98.941937
33, 14, 17, 15, 98.947227
33, 14, 17, 16, 98.947186
33, 15, 17, 15, 98.947233
33, 15, 17, 16, 98.947199
33, 16, 63, 2, 97.660459
33, 16, 56, 6, 97.660459
33, 17, 17, 3, 98.947199
33, 17, 17, 14, 98.947197
33, 18, 23, 20, 98.947834
33, 18, 23, 18, 98.947832
33, 19, 23, 20, 98.947819
33, 19, 23, 18, 98.947805
33, 20, 23, 20, 98.947825
33, 20, 23, 18, 98.947815
33, 21, 23, 20, 98.947815
33, 21, 23, 18, 98.947806
33, 22, 23, 20, 98.947810
33, 22, 23, 18, 98.947798
33, 23, 23, 20, 98.947795
33, 23, 23, 18, 98.947785
33, 24, 23, 20, 98.947829
33, 24, 23, 18, 98.947818
33, 25, 23, 20, 98.947810
33, 25, 23, 19, 98.947806
33, 26, 23, 20, 98.947826
33, 26, 23, 18, 98.947819
33, 27, 23, 18, 98.947868
33, 27, 23, 20, 98.947861
33, 28, 17, 20, 98.950163
33, 28, 17, 21, 98.950162
33, 29, 17, 19, 98.950166
33, 29, 17, 28, 98.950148
34, 1, 15, 28, 99.999532
34, 1, 1, 12, 99.999532
34, 2, 15, 28, 99.999532
34, 2, 1, 12, 99.999532
34, 3, 15, 28, 99.999533
34, 3, 1, 12, 99.999532
34, 4, 15, 28, 99.999533
34, 4, 1, 12, 99.999532
34, 5, 15, 28, 99.999533
34, 5, 1, 12, 99.999533
34, 6, 15, 28, 99.999532
34, 6, 1, 12, 99.999532
34, 7, 15, 28, 99.999532
34, 7, 1, 12, 99.999532
34, 8, 15, 28, 99.999532
34, 8, 1, 12, 99.999532
34, 9, 15, 28, 99.999533
34, 9, 1, 12, 99.999533
34, 10, 1, 12, 99.999533
34, 10, 15, 28, 99.999533
34, 11, 1, 12, 99.999533
34, 11, 15, 28, 99.999533
34, 12, 15, 28, 99.999533
34, 12, 1, 12, 99.999533
34, 13, 15, 28, 99.999533
34, 13, 1, 12, 99.999532
34, 14, 15, 28, 99.999532
34, 14, 1, 12, 99.999532
34, 15, 15, 28, 99.999532
34, 15, 1, 12, 99.999532
34, 16, 15, 28, 99.999532
34, 16, 1, 12, 99.999532
34, 17, 15, 28, 99.999532
34, 17, 1, 12, 99.999532
34, 18, 15, 28, 99.999532
34, 18, 1, 12, 99.999532
34, 19, 15, 28, 99.999532
34, 19, 1, 12, 99.999532
34, 20, 15, 28, 99.999532
34, 20, 1, 12, 99.999532
34, 21, 15, 28, 99.999532
34, 21, 1, 12, 99.999532
34, 22, 15, 28, 99.999532
34, 22, 1, 12, 99.999532
34, 23, 15, 28, 99.999532
34, 23, 1, 12, 99.999532
34, 24, 15, 28, 99.999533
34, 24, 1, 12, 99.999532
34, 25, 15, 28, 99.999533
34, 25, 1, 12, 99.999533
34, 26, 15, 28, 99.999533
34, 26, 1, 12, 99.999533
34, 27, 15, 28, 99.999533
34, 27, 1, 12, 99.999533
34, 28, 15, 28, 99.999533
34, 28, 1, 12, 99.999533
34, 29, 15, 28, 99.999533
34, 29, 1, 12, 99.999532
35, 1, 15, 28, 99.999532
35, 1, 1, 12, 99.999532
35, 2, 15, 28, 99.999532
35, 2, 1, 12, 99.999532
35, 3, 15, 28, 99.999532
35, 3, 1, 12, 99.999532
35, 4, 15, 28, 99.999532
35, 4, 1, 12, 99.999532
35, 5, 15, 28, 99.999532
35, 5, 1, 12, 99.999532
35, 6, 15, 28, 99.999532
35, 6, 1, 12, 99.999532
35, 7, 15, 28, 99.999532
35, 7, 1, 12, 99.999532
35, 8, 15, 28, 99.999533
35, 8, 1, 12, 99.999532
35, 9, 15, 28, 99.999532
35, 9, 1, 12, 99.999532
35, 10, 15, 28, 99.999532
35, 10, 1, 12, 99.999532
35, 11, 15, 28, 99.999533
35, 11, 1, 12, 99.999533
35, 12, 15, 28, 99.999532
35, 12, 1, 12, 99.999532
35, 13, 15, 28, 99.999532
35, 13, 1, 12, 99.999532
35, 14, 15, 28, 99.999532
35, 14, 1, 12, 99.999532
35, 15, 15, 28, 99.999532
35, 15, 1, 12, 99.999532
35, 16, 15, 28, 99.999532
35, 16, 1, 12, 99.999532
35, 17, 15, 28, 99.999532
35, 17, 1, 12, 99.999532
35, 18, 15, 28, 99.999532
35, 18, 1, 12, 99.999532
35, 19, 15, 28, 99.999532
35, 19, 1, 12, 99.999532
35, 20, 15, 28, 99.999532
35, 20, 1, 12, 99.999532
35, 21, 15, 28, 99.999532
35, 21, 1, 12, 99.999532
35, 22, 15, 28, 99.999532
35, 22, 1, 12, 99.999532
35, 23, 15, 28, 99.999532
35, 23, 1, 12, 99.999532
35, 24, 15, 28, 99.999533
35, 24, 1, 12, 99.999532
35, 25, 15, 28, 99.999532
35, 25, 1, 12, 99.999532
35, 26, 15, 28, 99.999532
35, 26, 1, 12, 99.999532
35, 27, 15, 28, 99.999532
35, 27, 1, 12, 99.999532
35, 28, 15, 28, 99.999533
35, 28, 1, 12, 99.999532
35, 29, 15, 28, 99.999533
35, 29, 1, 12, 99.999533
36, 1, 19, 20, 99.999644
36, 1, 42, 20, 99.999643
36, 2, 19, 20, 99.999643
36, 2, 42, 20, 99.999643
36, 3, 19, 20, 99.999643
36, 3, 42, 20, 99.999642
36, 4, 19, 20, 99.999643
36, 4, 42, 20, 99.999642
36, 5, 19, 20, 99.999642
36, 5, 42, 20, 99.999642
36, 6, 19, 20, 99.999642
36, 6, 42, 20, 99.999641
36, 7, 19, 20, 99.999642
36, 7, 42, 20, 99.999642
36, 8, 19, 20, 99.999642
36, 8, 42, 20, 99.999642
36, 9, 19, 20, 99.999642
36, 9, 42, 20, 99.999642
36, 10, 19, 20, 99.999643
36, 10, 42, 20, 99.999642
36, 11, 19, 20, 99.999641
36, 11, 42, 20, 99.999640
36, 12, 19, 20, 99.999643
36, 12, 42, 20, 99.999642
36, 13, 19, 20, 99.999642
36, 13, 42, 20, 99.999642
36, 14, 19, 20, 99.999643
36, 14, 42, 20, 99.999643
36, 15, 19, 20, 99.999643
36, 15, 42, 20, 99.999643
36, 16, 19, 20, 99.999643
36, 16, 42, 20, 99.999642
36, 17, 19, 20, 99.999642
36, 17, 42, 20, 99.999642
36, 18, 19, 20, 99.999642
36, 18, 42, 20, 99.999642
36, 19, 19, 20, 99.999643
36, 19, 42, 20, 99.999642
36, 20, 19, 20, 99.999644
36, 20, 19, 23, 99.999644
36, 21, 19, 20, 99.999642
36, 21, 19, 23, 99.999642
36, 22, 19, 20, 99.999642
36, 22, 19, 23, 99.999641
36, 23, 19, 20, 99.999641
36, 23, 19, 23, 99.999641
36, 24, 19, 20, 99.999641
36, 24, 19, 23, 99.999641
36, 25, 19, 20, 99.999642
36, 25, 19, 23, 99.999642
36, 26, 19, 20, 99.999643
36, 26, 19, 23, 99.999643
36, 27, 19, 20, 99.999643
36, 27, 19, 23, 99.999642
36, 28, 19, 20, 99.999640
36, 28, 19, 23, 99.999640
36, 29, 19, 20, 99.999643
36, 29, 19, 23, 99.999642
37, 1, 20, 1, 98.941983
37, 1, 23, 1, 98.941944
37, 2, 20, 1, 98.941933
37, 2, 20, 2, 98.941930
37, 3, 20, 1, 98.941930
37, 3, 20, 2, 98.941929
37, 4, 20, 2, 98.941935
37, 4, 20, 5, 98.941934
37, 5, 20, 2, 98.941912
37, 5, 20, 5, 98.941911
37, 6, 20, 5, 98.941907
37, 6, 20, 2, 98.941905
37, 7, 20, 2, 98.941916
37, 7, 20, 5, 98.941913
37, 8, 20, 1, 98.941903
37, 8, 23, 3, 98.941903
37, 9, 20, 1, 98.941923
37, 9, 20, 2, 98.941916
37, 10, 20, 1, 98.941914
37, 10, 20, 2, 98.941906
37, 11, 20, 1, 98.941931
37, 11, 20, 2, 98.941917
37, 12, 20, 1, 98.941914
37, 12, 20, 2, 98.941912
37, 13, 20, 2, 98.941932
37, 13, 20, 1, 98.941930
37, 14, 20, 2, 98.941933
37, 14, 20, 1, 98.941931
37, 15, 20, 5, 98.941941
37, 15, 20, 2, 98.941935
37, 16, 20, 2, 98.941943
37, 16, 20, 5, 98.941942
37, 17, 20, 5, 98.941961
37, 17, 20, 2, 98.941948
37, 18, 23, 18, 98.947868
37, 18, 23, 20, 98.947861
37, 19, 23, 18, 98.947858
37, 19, 23, 20, 98.947851
37, 20, 23, 20, 98.947826
37, 20, 23, 18, 98.947818
37, 21, 23, 20, 98.947825
37, 21, 23, 18, 98.947815
37, 22, 23, 20, 98.947825
37, 22, 23, 18, 98.947815
37, 23, 23, 20, 98.947815
37, 23, 23, 18, 98.947806
37, 24, 23, 20, 98.947793
37, 24, 23, 19, 98.947784
37, 25, 23, 20, 98.947815
37, 25, 23, 18, 98.947806
37, 26, 23, 20, 98.947793
37, 26, 23, 19, 98.947784
37, 27, 23, 20, 98.947815
37, 27, 23, 18, 98.947806
37, 28, 23, 20, 98.947793
37, 28, 23, 19, 98.947784
37, 29, 23, 20, 98.947815
37, 29, 23, 18, 98.947806
38, 1, 15, 28, 99.999532
38, 1, 1, 12, 99.999532
38, 2, 15, 28, 99.999532
38, 2, 1, 12, 99.999532
38, 3, 15, 28, 99.999532
38, 3, 1, 12, 99.999532
38, 4, 15, 28, 99.999532
38, 4, 1, 12, 99.999532
38, 5, 15, 28, 99.999532
38, 5, 1, 12, 99.999532
38, 6, 15, 28, 99.999532
38, 6, 1, 12, 99.999532
38, 7, 15, 28, 99.999532
38, 7, 1, 12, 99.999532
38, 8, 15, 28, 99.999533
38, 8, 1, 12, 99.999532
38, 9, 15, 28, 99.999532
38, 9, 1, 12, 99.999532
38, 10, 15, 28, 99.999532
38, 10, 1, 12, 99.999532
38, 11, 15, 28, 99.999533
38, 11, 1, 12, 99.999533
38, 12, 15, 28, 99.999532
38, 12, 1, 12, 99.999532
38, 13, 15, 28, 99.999532
38, 13, 1, 12, 99.999532
38, 14, 15, 28, 99.999532
38, 14, 1, 12, 99.999532
38, 15, 15, 28, 99.999532
38, 15, 1, 12, 99.999532
38, 16, 15, 28, 99.999532
38, 16, 1, 12, 99.999532
38, 17, 15, 28, 99.999532
38, 17, 1, 12, 99.999532
38, 18, 15, 28, 99.999532
38, 18, 1, 12, 99.999532
38, 19, 15, 28, 99.999532
38, 19, 1, 12, 99.999532
38, 20, 15, 28, 99.999532
38, 20, 1, 12, 99.999532
38, 21, 15, 28, 99.999532
38, 21, 1, 12, 99.999532
38, 22, 15, 28, 99.999532
38, 22, 1, 12, 99.999532
38, 23, 15, 28, 99.999532
38, 23, 1, 12, 99.999532
38, 24, 15, 28, 99.999533
38, 24, 1, 12, 99.999532
38, 25, 15, 28, 99.999532
38, 25, 1, 12, 99.999532
38, 26, 15, 28, 99.999532
38, 26, 1, 12, 99.999532
38, 27, 15, 28, 99.999532
38, 27, 1, 12, 99.999532
38, 28, 15, 28, 99.999533
38, 28, 1, 12, 99.999532
38, 29, 15, 28, 99.999533
38, 29, 1, 12, 99.999533
39, 1, 19, 20, 99.999648
39, 1, 42, 20, 99.999648
39, 2, 19, 20, 99.999648
39, 2, 42, 20, 99.999648
39, 3, 19, 20, 99.999647
39, 3, 42, 20, 99.999647
39, 4, 19, 20, 99.999647
39, 4, 42, 20, 99.999647
39, 5, 19, 20, 99.999646
39, 5, 42, 20, 99.999646
39, 6, 19, 20, 99.999647
39, 6, 42, 20, 99.999647
39, 7, 19, 20, 99.999648
39, 7, 42, 20, 99.999648
39, 8, 19, 20, 99.999646
39, 8, 42, 20, 99.999646
39, 9, 19, 20, 99.999647
39, 9, 42, 20, 99.999647
39, 10, 19, 20, 99.999648
39, 10, 42, 20, 99.999648
39, 11, 19, 20, 99.999647
39, 11, 42, 20, 99.999647
39, 12, 19, 20, 99.999647
39, 12, 42, 20, 99.999647
39, 13, 19, 20, 99.999647
39, 13, 42, 20, 99.999647
39, 14, 19, 20, 99.999648
39, 14, 42, 20, 99.999648
39, 15, 19, 20, 99.999648
39, 15, 42, 20, 99.999648
39, 16, 19, 20, 99.999648
39, 16, 42, 20, 99.999648
39, 17, 19, 20, 99.999648
39, 17, 42, 20, 99.999648
39, 18, 19, 20, 99.999648
39, 18, 42, 20, 99.999648
39, 19, 19, 20, 99.999648
39, 19, 42, 20, 99.999648
39, 20, 19, 20, 99.999649
39, 20, 42, 20, 99.999649
39, 21, 19, 20, 99.999648
39, 21, 42, 20, 99.999648
39, 22, 19, 20, 99.999646
39, 22, 42, 20, 99.999646
39, 23, 19, 20, 99.999647
39, 23, 42, 20, 99.999647
39, 24, 19, 20, 99.999647
39, 24, 42, 20, 99.999647
39, 25, 19, 20, 99.999647
39, 25, 42, 20, 99.999647
39, 26, 19, 20, 99.999645
39, 26, 42, 20, 99.999645
39, 27, 42, 20, 99.999646
39, 27, 19, 20, 99.999646
39, 28, 19, 20, 99.999647
39, 28, 42, 20, 99.999647
39, 29, 42, 20, 99.999647
39, 29, 19, 20, 99.999647
40, 1, 20, 1, 98.941983
40, 1, 23, 1, 98.941944
40, 2, 20, 1, 98.941933
40, 2, 20, 2, 98.941930
40, 3, 20, 1, 98.941930
40, 3, 20, 2, 98.941929
40, 4, 20, 2, 98.941935
40, 4, 20, 5, 98.941934
40, 5, 20, 2, 98.941912
40, 5, 20, 5, 98.941911
40, 6, 20, 5, 98.941907
40, 6, 20, 2, 98.941905
40, 7, 20, 2, 98.941916
40, 7, 20, 5, 98.941913
40, 8, 20, 1, 98.941903
40, 8, 23, 3, 98.941903
40, 9, 20, 1, 98.941923
40, 9, 20, 2, 98.941916
40, 10, 20, 1, 98.941914
40, 10, 20, 2, 98.941906
40, 11, 20, 1, 98.941931
40, 11, 20, 2, 98.941917
40, 12, 20, 1, 98.941914
40, 12, 20, 2, 98.941912
40, 13, 20, 2, 98.941932
40, 13, 20, 1, 98.941930
40, 14, 20, 2, 98.941933
40, 14, 20, 1, 98.941931
40, 15, 20, 5, 98.941941
40, 15, 20, 2, 98.941935
40, 16, 20, 2, 98.941943
40, 16, 20, 5, 98.941942
40, 17, 20, 5, 98.941961
40, 17, 20, 2, 98.941948
40, 18, 23, 18, 98.947868
40, 18, 23, 20, 98.947861
40, 19, 23, 18, 98.947858
40, 19, 23, 20, 98.947851
40, 20, 23, 20, 98.947826
40, 20, 23, 18, 98.947818
40, 21, 23, 20, 98.947825
40, 21, 23, 18, 98.947815
40, 22, 23, 20, 98.947825
40, 22, 23, 18, 98.947815
40, 23, 23, 20, 98.947815
40, 23, 23, 18, 98.947806
40, 24, 23, 20, 98.947793
40, 24, 23, 19, 98.947784
40, 25, 23, 20, 98.947815
40, 25, 23, 18, 98.947806
40, 26, 23, 20, 98.947793
40, 26, 23, 19, 98.947784
40, 27, 23, 20, 98.947815
40, 27, 23, 18, 98.947806
40, 28, 23, 20, 98.947793
40, 28, 23, 19, 98.947784
40, 29, 23, 20, 98.947815
40, 29, 23, 18, 98.947806
41, 1, 15, 28, 99.999532
41, 1, 1, 12, 99.999532
41, 2, 15, 28, 99.999532
41, 2, 1, 12, 99.999532
41, 3, 15, 28, 99.999532
41, 3, 1, 12, 99.999532
41, 4, 15, 28, 99.999532
41, 4, 1, 12, 99.999532
41, 5, 15, 28, 99.999532
41, 5, 1, 12, 99.999532
41, 6, 15, 28, 99.999533
41, 6, 1, 12, 99.999533
41, 7, 15, 28, 99.999532
41, 7, 1, 12, 99.999532
41, 8, 15, 28, 99.999533
41, 8, 1, 12, 99.999532
41, 9, 15, 28, 99.999533
41, 9, 1, 12, 99.999533
41, 10, 15, 28, 99.999532
41, 10, 1, 12, 99.999532
41, 11, 15, 28, 99.999533
41, 11, 1, 12, 99.999532
41, 12, 15, 28, 99.999532
41, 12, 1, 12, 99.999532
41, 13, 15, 28, 99.999532
41, 13, 1, 12, 99.999532
41, 14, 15, 28, 99.999532
41, 14, 1, 12, 99.999532
41, 15, 15, 28, 99.999532
41, 15, 1, 12, 99.999532
41, 16, 15, 28, 99.999532
41, 16, 1, 12, 99.999532
41, 17, 15, 28, 99.999532
41, 17, 1, 12, 99.999532
41, 18, 15, 28, 99.999532
41, 18, 1, 12, 99.999532
41, 19, 15, 28, 99.999532
41, 19, 1, 12, 99.999532
41, 20, 15, 28, 99.999532
41, 20, 1, 12, 99.999532
41, 21, 15, 28, 99.999532
41, 21, 1, 12, 99.999532
41, 22, 15, 28, 99.999533
41, 22, 1, 12, 99.999532
41, 23, 15, 28, 99.999533
41, 23, 1, 12, 99.999532
41, 24, 15, 28, 99.999533
41, 24, 1, 12, 99.999532
41, 25, 15, 28, 99.999532
41, 25, 1, 12, 99.999532
41, 26, 15, 28, 99.999533
41, 26, 1, 12, 99.999533
41, 27, 15, 28, 99.999532
41, 27, 1, 12, 99.999532
41, 28, 15, 28, 99.999533
41, 28, 1, 12, 99.999532
41, 29, 15, 28, 99.999533
41, 29, 1, 12, 99.999532
41, 30, 15, 28, 99.999532
41, 30, 1, 12, 99.999532
42, 1, 19, 20, 99.999648
42, 1, 16, 20, 99.999647
42, 2, 19, 20, 99.999648
42, 2, 16, 20, 99.999647
42, 3, 19, 20, 99.999647
42, 3, 16, 20, 99.999647
42, 4, 19, 20, 99.999646
42, 4, 16, 20, 99.999646
42, 5, 19, 20, 99.999647
42, 5, 16, 20, 99.999647
42, 6, 19, 20, 99.999646
42, 6, 16, 20, 99.999646
42, 7, 19, 20, 99.999647
42, 7, 16, 20, 99.999646
42, 8, 19, 20, 99.999647
42, 8, 16, 20, 99.999647
42, 9, 19, 20, 99.999647
42, 9, 16, 20, 99.999646
42, 10, 19, 20, 99.999648
42, 10, 16, 20, 99.999647
42, 11, 19, 20, 99.999647
42, 11, 16, 20, 99.999646
42, 12, 19, 20, 99.999647
42, 12, 16, 20, 99.999647
42, 13, 19, 20, 99.999648
42, 13, 16, 20, 99.999648
42, 14, 19, 20, 99.999647
42, 14, 16, 20, 99.999647
42, 15, 19, 20, 99.999648
42, 15, 16, 20, 99.999647
42, 16, 19, 20, 99.999647
42, 16, 16, 20, 99.999647
42, 17, 19, 20, 99.999648
42, 17, 16, 20, 99.999647
42, 18, 19, 20, 99.999647
42, 18, 16, 20, 99.999647
42, 19, 19, 20, 99.999647
42, 19, 16, 20, 99.999647
42, 20, 19, 20, 99.999649
42, 20, 16, 20, 99.999648
42, 21, 19, 20, 99.999646
42, 21, 16, 20, 99.999646
42, 22, 19, 20, 99.999647
42, 22, 16, 20, 99.999647
42, 23, 19, 20, 99.999646
42, 23, 16, 20, 99.999646
42, 24, 19, 20, 99.999646
42, 24, 16, 20, 99.999646
42, 25, 19, 20, 99.999646
42, 25, 16, 20, 99.999646
42, 26, 19, 20, 99.999648
42, 26, 16, 20, 99.999648
42, 27, 19, 20, 99.999647
42, 27, 16, 20, 99.999647
42, 28, 19, 20, 99.999647
42, 28, 16, 20, 99.999646
42, 29, 19, 20, 99.999647
42, 29, 16, 20, 99.999647
42, 30, 19, 20, 99.999645
42, 30, 16, 20, 99.999645
43, 1, 20, 1, 98.941983
43, 1, 23, 1, 98.941944
43, 2, 17, 3, 98.947176
43, 2, 17, 14, 98.947176
43, 3, 17, 16, 98.947191
43, 3, 17, 14, 98.947188
43, 4, 17, 2, 98.947214
43, 4, 17, 3, 98.947206
43, 5, 17, 16, 98.947184
43, 5, 17, 14, 98.947180
43, 6, 17, 16, 98.947181
43, 6, 17, 14, 98.947180
43, 7, 17, 14, 98.947189
43, 7, 17, 3, 98.947189
43, 8, 17, 15, 98.947194
43, 8, 17, 16, 98.947189
43, 9, 17, 16, 98.947181
43, 9, 17, 14, 98.947175
43, 10, 17, 16, 98.947168
43, 10, 17, 14, 98.947160
43, 11, 17, 2, 98.947204
43, 11, 17, 3, 98.947200
43, 12, 17, 14, 98.947189
43, 12, 17, 3, 98.947188
43, 13, 17, 3, 98.947196
43, 13, 17, 2, 98.947193
43, 14, 17, 14, 98.947184
43, 14, 17, 16, 98.947183
43, 15, 17, 15, 98.947222
43, 15, 17, 16, 98.947205
43, 16, 63, 2, 97.660459
43, 16, 56, 6, 97.660459
43, 17, 20, 5, 98.941955
43, 17, 20, 2, 98.941950
43, 18, 17, 19, 98.950205
43, 18, 17, 20, 98.950153
43, 19, 17, 20, 98.950158
43, 19, 17, 21, 98.950158
43, 20, 17, 20, 98.950165
43, 20, 17, 21, 98.950164
43, 21, 17, 28, 98.950159
43, 21, 17, 29, 98.950158
43, 22, 17, 28, 98.950134
43, 22, 17, 30, 98.950134
43, 23, 17, 19, 98.950140
43, 23, 17, 28, 98.950134
43, 24, 17, 30, 98.950130
43, 24, 17, 29, 98.950130
43, 25, 17, 28, 98.950139
43, 25, 17, 21, 98.950138
43, 26, 17, 19, 98.950138
43, 26, 17, 30, 98.950130
43, 27, 17, 19, 98.950142
43, 27, 17, 28, 98.950138
43, 28, 17, 19, 98.950136
43, 28, 17, 28, 98.950127
43, 29, 17, 19, 98.950130
43, 29, 17, 30, 98.950130
43, 30, 17, 21, 98.950160
43, 30, 17, 28, 98.950160
44, 1, 60, 11, 99.615191
44, 1, 60, 5, 99.615191
44, 2, 60, 11, 99.615195
44, 2, 60, 5, 99.615194
44, 3, 60, 11, 99.615204
44, 3, 60, 5, 99.615202
44, 4, 60, 11, 99.615213
44, 4, 60, 8, 99.615212
44, 5, 60, 5, 99.615200
44, 5, 60, 11, 99.615200
44, 6, 60, 11, 99.615197
44, 6, 60, 5, 99.615196
44, 7, 60, 5, 99.615186
44, 7, 60, 11, 99.615185
44, 8, 60, 11, 99.615207
44, 8, 60, 6, 99.615206
44, 9, 60, 11, 99.615211
44, 9, 60, 6, 99.615211
44, 10, 60, 11, 99.615208
44, 10, 60, 6, 99.615208
44, 11, 60, 5, 99.615198
44, 11, 60, 11, 99.615197
44, 12, 17, 17, 99.260538
44, 12, 60, 5, 99.230799
44, 13, 17, 17, 99.260574
44, 13, 60, 11, 99.230809
44, 14, 60, 11, 99.615216
44, 14, 60, 8, 99.615215
44, 15, 60, 5, 99.615198
44, 15, 60, 11, 99.615198
44, 16, 60, 11, 99.615195
44, 16, 60, 5, 99.615194
44, 17, 60, 11, 99.615190
44, 17, 60, 5, 99.615190
44, 18, 60, 6, 99.615186
44, 18, 60, 5, 99.615185
44, 19, 60, 6, 99.615197
44, 19, 60, 8, 99.615196
44, 20, 60, 9, 99.615212
44, 20, 60, 10, 99.615211
44, 21, 60, 11, 99.615207
44, 21, 60, 5, 99.615207
44, 22, 60, 8, 99.615201
44, 22, 60, 10, 99.615201
44, 23, 60, 6, 99.615207
44, 23, 60, 5, 99.615207
44, 24, 60, 11, 99.615219
44, 24, 60, 5, 99.615219
44, 25, 60, 5, 99.615210
44, 25, 60, 6, 99.615210
44, 26, 60, 11, 99.615218
44, 26, 60, 10, 99.615218
44, 27, 60, 10, 99.615227
44, 27, 60, 9, 99.615226
44, 28, 60, 10, 99.615235
44, 28, 60, 11, 99.615234
44, 29, 60, 10, 99.615235
44, 29, 60, 11, 99.615233
45, 1, 19, 20, 99.999648
45, 1, 42, 20, 99.999647
45, 2, 19, 20, 99.999648
45, 2, 42, 20, 99.999647
45, 3, 19, 20, 99.999648
45, 3, 42, 20, 99.999647
45, 4, 19, 20, 99.999646
45, 4, 42, 20, 99.999646
45, 5, 19, 20, 99.999645
45, 5, 42, 20, 99.999645
45, 6, 19, 20, 99.999647
45, 6, 42, 20, 99.999647
45, 7, 19, 20, 99.999647
45, 7, 42, 20, 99.999647
45, 8, 19, 20, 99.999648
45, 8, 42, 20, 99.999647
45, 9, 19, 20, 99.999646
45, 9, 42, 20, 99.999646
45, 10, 19, 20, 99.999647
45, 10, 42, 20, 99.999646
45, 11, 19, 20, 99.999648
45, 11, 42, 20, 99.999648
45, 12, 19, 20, 99.999648
45, 12, 42, 20, 99.999647
45, 13, 19, 20, 99.999648
45, 13, 42, 20, 99.999648
45, 14, 19, 20, 99.999648
45, 14, 42, 20, 99.999647
45, 15, 19, 20, 99.999648
45, 15, 42, 20, 99.999647
45, 16, 19, 20, 99.999647
45, 16, 42, 20, 99.999647
45, 17, 19, 20, 99.999647
45, 17, 42, 20, 99.999647
45, 18, 19, 20, 99.999646
45, 18, 42, 20, 99.999646
45, 19, 19, 20, 99.999647
45, 19, 42, 20, 99.999647
45, 20, 19, 20, 99.999647
45, 20, 42, 20, 99.999647
45, 21, 19, 20, 99.999646
45, 21, 42, 20, 99.999646
45, 22, 19, 20, 99.999646
45, 22, 42, 20, 99.999646
45, 23, 19, 20, 99.999646
45, 23, 42, 20, 99.999645
45, 24, 19, 20, 99.999646
45, 24, 42, 20, 99.999646
45, 25, 19, 20, 99.999646
45, 25, 42, 20, 99.999646
45, 26, 19, 20, 99.999646
45, 26, 42, 20, 99.999646
45, 27, 19, 20, 99.999641
45, 27, 42, 20, 99.999641
45, 28, 19, 20, 99.999646
45, 28, 42, 20, 99.999645
45, 29, 19, 20, 99.999645
45, 29, 42, 20, 99.999645
46, 1, 20, 5, 98.941929
46, 1, 20, 2, 98.941926
46, 2, 23, 5, 99.260413
46, 2, 58, 10, 99.253477
46, 3, 20, 5, 98.941929
46, 3, 20, 2, 98.941925
46, 4, 20, 5, 98.941929
46, 4, 20, 2, 98.941927
46, 5, 23, 5, 99.260407
46, 5, 58, 10, 99.253478
46, 6, 23, 5, 99.260414
46, 6, 58, 10, 99.253477
46, 7, 23, 5, 99.260403
46, 7, 58, 10, 99.253477
46, 8, 23, 5, 99.260368
46, 8, 58, 10, 99.253461
46, 9, 23, 5, 99.260424
46, 9, 58, 7, 99.253482
46, 10, 23, 5, 99.260417
46, 10, 58, 7, 99.253481
46, 11, 20, 1, 98.941925
46, 11, 20, 2, 98.941924
46, 12, 23, 5, 99.260407
46, 12, 58, 10, 99.253479
46, 13, 23, 5, 99.260412
46, 13, 58, 10, 99.253478
46, 14, 23, 5, 99.260412
46, 14, 58, 10, 99.253478
46, 15, 23, 5, 99.260411
46, 15, 58, 10, 99.253477
46, 16, 23, 5, 99.260409
46, 16, 58, 10, 99.253477
46, 17, 20, 1, 98.941930
46, 17, 20, 2, 98.941924
46, 18, 20, 5, 98.941933
46, 18, 20, 2, 98.941931
46, 19, 20, 5, 98.941933
46, 19, 20, 2, 98.941931
46, 20, 20, 1, 98.941935
46, 20, 20, 2, 98.941929
46, 21, 20, 1, 98.941936
46, 21, 20, 2, 98.941935
46, 22, 20, 1, 98.941929
46, 22, 20, 2, 98.941929
46, 23, 20, 1, 98.941929
46, 23, 20, 2, 98.941929
46, 24, 20, 2, 98.941929
46, 24, 20, 1, 98.941929
46, 25, 20, 2, 98.941925
46, 25, 20, 5, 98.941922
46, 26, 20, 5, 98.941926
46, 26, 20, 2, 98.941925
46, 27, 20, 1, 98.941931
46, 27, 20, 2, 98.941926
46, 28, 20, 5, 98.941928
46, 28, 20, 2, 98.941927
46, 29, 20, 5, 98.941928
46, 29, 20, 2, 98.941927
47, 1, 60, 19, 99.999636
47, 1, 60, 12, 99.999632
47, 2, 60, 19, 99.999634
47, 2, 60, 17, 99.999630
47, 3, 60, 19, 99.999640
47, 3, 60, 17, 99.999636
47, 4, 60, 19, 99.999635
47, 4, 60, 17, 99.999632
47, 5, 60, 19, 99.999638
47, 5, 60, 17, 99.999637
47, 6, 60, 19, 99.999619
47, 6, 60, 17, 99.999617
47, 7, 60, 19, 99.999629
47, 7, 60, 17, 99.999626
47, 8, 60, 19, 99.999619
47, 8, 60, 17, 99.999616
47, 9, 60, 19, 99.999615
47, 9, 55, 18, 99.999612
47, 10, 60, 19, 99.999617
47, 10, 55, 18, 99.999616
47, 11, 60, 19, 99.999619
47, 11, 60, 17, 99.999615
47, 12, 60, 19, 99.999622
47, 12, 60, 17, 99.999618
47, 13, 60, 19, 99.999621
47, 13, 60, 17, 99.999617
47, 14, 60, 19, 99.999622
47, 14, 60, 17, 99.999618
47, 15, 60, 19, 99.999623
47, 15, 60, 17, 99.999619
47, 16, 55, 26, 99.999619
47, 16, 60, 19, 99.999617
47, 17, 60, 19, 99.999620
47, 17, 60, 17, 99.999616
47, 18, 55, 17, 99.999617
47, 18, 55, 18, 99.999617
47, 19, 55, 18, 99.999618
47, 19, 55, 17, 99.999618
47, 20, 55, 18, 99.999617
47, 20, 55, 17, 99.999617
47, 21, 55, 18, 99.999622
47, 21, 55, 17, 99.999622
47, 22, 55, 17, 99.999625
47, 22, 55, 18, 99.999624
47, 23, 55, 18, 99.999623
47, 23, 55, 17, 99.999622
47, 24, 55, 17, 99.999625
47, 24, 55, 18, 99.999625
47, 25, 55, 17, 99.999619
47, 25, 55, 18, 99.999619
47, 26, 55, 17, 99.999620
47, 26, 55, 18, 99.999619
47, 27, 55, 17, 99.999620
47, 27, 55, 18, 99.999619
47, 28, 55, 17, 99.999623
47, 28, 55, 18, 99.999622
47, 29, 55, 17, 99.999618
47, 29, 55, 18, 99.999618
48, 1, 60, 19, 99.999629
48, 1, 60, 17, 99.999628
48, 2, 60, 19, 99.999644
48, 2, 60, 17, 99.999641
48, 3, 60, 19, 99.999644
48, 3, 60, 17, 99.999642
48, 4, 60, 19, 99.999642
48, 4, 60, 17, 99.999639
48, 5, 60, 19, 99.999626
48, 5, 60, 17, 99.999624
48, 6, 60, 17, 99.999633
48, 6, 60, 19, 99.999633
48, 7, 60, 19, 99.999630
48, 7, 60, 17, 99.999629
48, 8, 60, 19, 99.999621
48, 8, 60, 17, 99.999620
48, 9, 60, 17, 99.999627
48, 9, 60, 19, 99.999626
48, 10, 60, 19, 99.999624
48, 10, 60, 17, 99.999624
48, 11, 60, 17, 99.999629
48, 11, 60, 19, 99.999627
48, 12, 55, 17, 99.999622
48, 12, 55, 18, 99.999622
48, 13, 55, 17, 99.999620
48, 13, 55, 18, 99.999620
48, 14, 55, 18, 99.999619
48, 14, 55, 17, 99.999618
48, 15, 55, 18, 99.999620
48, 15, 55, 17, 99.999619
48, 16, 55, 18, 99.999621
48, 16, 55, 17, 99.999620
48, 17, 60, 19, 99.999620
48, 17, 55, 18, 99.999620
48, 18, 55, 18, 99.999628
48, 18, 55, 17, 99.999628
48, 19, 55, 18, 99.999618
48, 19, 55, 17, 99.999618
48, 20, 55, 18, 99.999627
48, 20, 55, 17, 99.999627
48, 21, 55, 18, 99.999616
48, 21, 55, 17, 99.999616
48, 22, 55, 18, 99.999615
48, 22, 55, 17, 99.999615
48, 23, 60, 19, 99.999618
48, 23, 60, 17, 99.999617
48, 24, 60, 19, 99.999615
48, 24, 60, 17, 99.999613
48, 25, 60, 17, 99.999617
48, 25, 60, 19, 99.999617
48, 26, 55, 17, 99.999625
48, 26, 55, 18, 99.999625
48, 27, 55, 17, 99.999616
48, 27, 55, 18, 99.999616
48, 28, 55, 17, 99.999632
48, 28, 55, 18, 99.999630
48, 29, 55, 17, 99.999624
48, 29, 55, 18, 99.999623
49, 1, 55, 18, 99.999636
49, 1, 55, 17, 99.999635
49, 2, 55, 17, 99.999636
49, 2, 55, 18, 99.999635
49, 3, 55, 18, 99.999623
49, 3, 55, 17, 99.999622
49, 4, 55, 17, 99.999638
49, 4, 55, 18, 99.999636
49, 5, 55, 17, 99.999623
49, 5, 55, 18, 99.999623
49, 6, 60, 13, 99.999624
49, 6, 60, 24, 99.999623
49, 7, 55, 18, 99.999625
49, 7, 55, 17, 99.999622
49, 8, 55, 18, 99.999608
49, 8, 55, 17, 99.999607
49, 9, 60, 24, 99.999629
49, 9, 60, 13, 99.999628
49, 10, 55, 18, 99.999619
49, 10, 55, 17, 99.999618
49, 11, 60, 13, 99.999612
49, 11, 60, 22, 99.999610
49, 12, 55, 18, 99.999626
49, 12, 55, 17, 99.999626
49, 13, 55, 18, 99.999616
49, 13, 55, 17, 99.999614
49, 14, 55, 18, 99.999625
49, 14, 60, 13, 99.999623
49, 15, 55, 18, 99.999632
49, 15, 55, 17, 99.999630
49, 16, 55, 18, 99.999633
49, 16, 55, 17, 99.999630
49, 17, 55, 18, 99.999636
49, 17, 60, 22, 99.999634
49, 18, 60, 22, 99.999633
49, 18, 60, 17, 99.999631
49, 19, 55, 18, 99.999644
49, 19, 60, 22, 99.999644
49, 20, 60, 22, 99.999623
49, 20, 55, 18, 99.999623
49, 21, 55, 18, 99.999629
49, 21, 60, 22, 99.999628
49, 22, 55, 18, 99.999618
49, 22, 55, 17, 99.999615
49, 23, 55, 18, 99.999627
49, 23, 55, 17, 99.999626
49, 24, 55, 18, 99.999624
49, 24, 55, 17, 99.999623
49, 25, 60, 22, 99.999622
49, 25, 55, 18, 99.999621
49, 26, 55, 18, 99.999628
49, 26, 55, 17, 99.999626
49, 27, 55, 18, 99.999630
49, 27, 55, 17, 99.999628
49, 28, 55, 18, 99.999636
49, 28, 60, 22, 99.999633
49, 29, 55, 18, 99.999632
49, 29, 55, 17, 99.999630
50, 1, 60, 19, 99.999632
50, 1, 55, 18, 99.999632
50, 2, 55, 18, 99.999616
50, 2, 55, 17, 99.999614
50, 3, 14, 17, 99.999641
50, 3, 10, 17, 99.999641
50, 4, 55, 18, 99.999617
50, 4, 55, 26, 99.999615
50, 5, 55, 18, 99.999632
50, 5, 60, 17, 99.999628
50, 6, 55, 18, 99.999641
50, 6, 55, 17, 99.999639
50, 7, 60, 19, 99.999649
50, 7, 60, 17, 99.999648
50, 8, 55, 18, 99.999655
50, 8, 55, 17, 99.999653
50, 9, 52, 10, 99.613685
50, 9, 16, 27, 99.612846
50, 10, 60, 17, 99.999654
50, 10, 60, 14, 99.999651
50, 11, 55, 18, 99.999652
50, 11, 55, 17, 99.999646
50, 12, 55, 27, 99.614565
50, 12, 55, 8, 99.614562
50, 13, 55, 27, 99.614552
50, 13, 55, 1, 99.614551
50, 14, 23, 5, 99.260436
50, 14, 58, 9, 99.253477
50, 15, 52, 10, 99.613677
50, 15, 16, 26, 99.612842
50, 16, 52, 10, 99.613660
50, 16, 16, 30, 99.612822
50, 17, 52, 10, 99.613682
50, 17, 16, 30, 99.612837
50, 18, 52, 10, 99.613672
50, 18, 16, 30, 99.612833
50, 19, 52, 10, 99.613682
50, 19, 16, 30, 99.612825
50, 20, 52, 10, 99.613679
50, 20, 16, 30, 99.612798
50, 21, 52, 10, 99.613664
50, 21, 16, 30, 99.612807
50, 22, 52, 10, 99.613669
50, 22, 12, 21, 99.612831
50, 23, 52, 10, 99.613675
50, 23, 12, 21, 99.612829
50, 24, 52, 10, 99.613665
50, 24, 12, 21, 99.612831
50, 25, 52, 10, 99.613684
50, 25, 12, 21, 99.612823
50, 26, 52, 10, 99.613706
50, 26, 12, 21, 99.612850
50, 27, 52, 10, 99.613698
50, 27, 16, 27, 99.612850
50, 28, 52, 10, 99.613689
50, 28, 12, 21, 99.612838
50, 29, 52, 10, 99.613653
50, 29, 16, 27, 99.612830
51, 1, 23, 5, 99.260457
51, 1, 58, 9, 99.253478
51, 2, 23, 5, 99.260457
51, 2, 58, 9, 99.253473
51, 3, 23, 5, 99.260434
51, 3, 58, 14, 99.253470
51, 4, 23, 5, 99.260412
51, 4, 58, 5, 99.253448
51, 5, 23, 5, 99.260426
51, 5, 58, 14, 99.253462
51, 6, 23, 5, 99.260446
51, 6, 58, 5, 99.253465
51, 7, 23, 5, 99.260456
51, 7, 58, 6, 99.253472
51, 8, 23, 5, 99.260443
51, 8, 58, 9, 99.253474
51, 9, 23, 5, 99.260406
51, 9, 58, 14, 99.253457
51, 10, 23, 5, 99.260440
51, 10, 58, 14, 99.253469
51, 11, 23, 5, 99.260445
51, 11, 58, 14, 99.253482
51, 12, 55, 27, 99.614554
51, 12, 55, 1, 99.614553
51, 13, 55, 27, 99.614565
51, 13, 55, 1, 99.614564
51, 14, 55, 1, 99.614555
51, 14, 55, 3, 99.614554
51, 15, 55, 1, 99.614558
51, 15, 55, 27, 99.614556
51, 16, 23, 5, 99.260449
51, 16, 58, 12, 99.253480
51, 17, 23, 5, 99.260454
51, 17, 58, 9, 99.253483
51, 18, 23, 5, 99.260468
51, 18, 58, 9, 99.253486
51, 19, 23, 5, 99.260449
51, 19, 58, 12, 99.253476
51, 20, 23, 5, 99.260451
51, 20, 58, 9, 99.253478
51, 21, 23, 5, 99.260451
51, 21, 58, 12, 99.253479
51, 22, 23, 5, 99.260461
51, 22, 58, 9, 99.253475
51, 23, 23, 5, 99.260457
51, 23, 58, 9, 99.253479
51, 24, 23, 5, 99.260457
51, 24, 58, 9, 99.253479
51, 25, 23, 5, 99.260457
51, 25, 58, 9, 99.253479
51, 26, 23, 5, 99.260457
51, 26, 58, 9, 99.253479
51, 27, 23, 5, 99.260457
51, 27, 58, 9, 99.253479
51, 28, 23, 5, 99.260457
51, 28, 58, 9, 99.253479
51, 29, 23, 5, 99.260457
51, 29, 58, 9, 99.253479
52, 1, 60, 10, 99.615209
52, 1, 60, 11, 99.615207
52, 2, 60, 24, 99.999611
52, 2, 57, 4, 99.999608
52, 3, 60, 10, 99.615200
52, 3, 60, 11, 99.615199
52, 4, 60, 10, 99.615202
52, 4, 60, 11, 99.615198
52, 5, 60, 11, 99.615189
52, 5, 60, 10, 99.615188
52, 6, 60, 10, 99.615196
52, 6, 60, 11, 99.615196
52, 7, 60, 10, 99.615196
52, 7, 60, 11, 99.615196
52, 8, 60, 24, 99.999602
52, 8, 53, 3, 99.999598
52, 9, 60, 17, 99.999638
52, 9, 60, 22, 99.999634
52, 10, 50, 26, 99.613766
52, 10, 50, 27, 99.613757
52, 11, 60, 12, 99.999640
52, 11, 60, 17, 99.999640
52, 12, 60, 12, 99.999603
52, 12, 60, 15, 99.999593
52, 13, 14, 17, 99.999628
52, 13, 10, 17, 99.999628
52, 14, 60, 17, 99.999599
52, 14, 60, 22, 99.999596
52, 15, 60, 22, 99.999601
52, 15, 60, 17, 99.999600
52, 16, 60, 17, 99.999625
52, 16, 60, 14, 99.999624
52, 17, 60, 12, 99.999640
52, 17, 60, 19, 99.999639
52, 18, 60, 17, 99.999640
52, 18, 60, 14, 99.999635
52, 19, 60, 10, 99.615209
52, 19, 60, 9, 99.615206
52, 20, 60, 11, 99.615199
52, 20, 60, 6, 99.615197
52, 21, 60, 10, 99.615201
52, 21, 60, 11, 99.615198
52, 22, 60, 10, 99.615206
52, 22, 60, 11, 99.615203
52, 23, 60, 17, 99.999647
52, 23, 60, 14, 99.999642
52, 24, 60, 17, 99.999647
52, 24, 60, 14, 99.999642
52, 25, 60, 17, 99.999647
52, 25, 60, 14, 99.999642
52, 26, 60, 17, 99.999647
52, 26, 60, 14, 99.999642
52, 27, 60, 17, 99.999647
52, 27, 60, 14, 99.999642
52, 28, 60, 17, 99.999647
52, 28, 60, 14, 99.999642
52, 29, 60, 17, 99.999647
52, 29, 60, 14, 99.999642
53, 1, 55, 18, 99.999605
53, 1, 55, 17, 99.999603
53, 2, 60, 17, 99.999596
53, 2, 60, 19, 99.999595
53, 3, 60, 24, 99.999606
53, 3, 52, 2, 99.999606
53, 4, 60, 10, 99.615193
53, 4, 60, 11, 99.615193
53, 5, 60, 11, 99.615187
53, 5, 60, 6, 99.615185
53, 6, 60, 11, 99.615198
53, 6, 60, 10, 99.615198
53, 7, 60, 10, 99.615202
53, 7, 60, 11, 99.615200
53, 8, 60, 11, 99.615205
53, 8, 60, 10, 99.615204
53, 9, 60, 11, 99.615203
53, 9, 60, 10, 99.615203
53, 10, 60, 10, 99.615197
53, 10, 60, 11, 99.615195
53, 11, 60, 10, 99.615199
53, 11, 60, 11, 99.615197
53, 12, 60, 17, 99.999617
53, 12, 60, 14, 99.999615
53, 13, 60, 17, 99.999621
53, 13, 60, 14, 99.999620
53, 14, 60, 17, 99.999621
53, 14, 60, 14, 99.999618
53, 15, 60, 29, 99.999596
53, 15, 55, 18, 99.999595
53, 16, 60, 17, 99.999614
53, 16, 60, 22, 99.999613
53, 17, 55, 17, 99.999592
53, 17, 55, 18, 99.999590
53, 18, 55, 17, 99.999601
53, 18, 55, 18, 99.999598
53, 19, 55, 18, 99.999613
53, 19, 55, 17, 99.999613
53, 20, 60, 17, 99.999612
53, 20, 60, 22, 99.999610
53, 21, 55, 17, 99.999596
53, 21, 55, 18, 99.999595
53, 22, 60, 22, 99.999591
53, 22, 60, 29, 99.999591
53, 23, 60, 17, 99.999607
53, 23, 60, 22, 99.999605
53, 24, 60, 17, 99.999609
53, 24, 60, 14, 99.999606
53, 25, 55, 17, 99.999602
53, 25, 55, 18, 99.999602
53, 26, 60, 17, 99.999627
53, 26, 60, 14, 99.999623
53, 27, 60, 17, 99.999637
53, 27, 60, 14, 99.999633
53, 28, 60, 10, 99.615206
53, 28, 60, 11, 99.615205
53, 29, 60, 10, 99.615194
53, 29, 60, 11, 99.615192
54, 1, 55, 18, 99.999581
54, 1, 55, 17, 99.999581
54, 2, 60, 29, 99.999567
54, 2, 55, 18, 99.999566
54, 3, 57, 14, 99.999580
54, 3, 55, 17, 99.999579
54, 4, 55, 18, 99.999568
54, 4, 55, 17, 99.999567
54, 5, 57, 14, 99.999595
54, 5, 55, 26, 99.999592
54, 6, 55, 26, 99.999593
54, 6, 55, 18, 99.999592
54, 7, 55, 18, 99.999602
54, 7, 55, 17, 99.999600
54, 8, 55, 26, 99.999607
54, 8, 55, 17, 99.999606
54, 9, 55, 18, 99.999591
54, 9, 57, 15, 99.999590
54, 10, 60, 29, 99.999616
54, 10, 55, 18, 99.999615
54, 11, 14, 17, 99.999632
54, 11, 10, 17, 99.999632
54, 12, 55, 18, 99.999607
54, 12, 55, 17, 99.999607
54, 13, 55, 18, 99.999590
54, 13, 55, 17, 99.999589
54, 14, 55, 26, 99.999597
54, 14, 55, 17, 99.999594
54, 15, 55, 26, 99.999608
54, 15, 14, 17, 99.999607
54, 16, 55, 26, 99.999617
54, 16, 55, 4, 99.999615
54, 17, 50, 6, 99.999592
54, 17, 55, 26, 99.999592
54, 18, 55, 17, 99.999614
54, 18, 55, 18, 99.999614
54, 19, 50, 6, 99.999617
54, 19, 55, 26, 99.999616
54, 20, 50, 6, 99.999585
54, 20, 55, 26, 99.999584
54, 21, 55, 26, 99.999567
54, 21, 55, 4, 99.999564
54, 22, 14, 17, 99.999652
54, 22, 10, 17, 99.999652
54, 23, 55, 22, 99.999612
54, 23, 55, 17, 99.999612
54, 24, 60, 24, 99.999624
54, 24, 60, 29, 99.999623
54, 25, 55, 18, 99.999611
54, 25, 60, 24, 99.999610
54, 26, 55, 18, 99.999602
54, 26, 55, 17, 99.999602
54, 27, 55, 18, 99.999618
54, 27, 55, 17, 99.999617
54, 28, 55, 18, 99.999609
54, 28, 60, 24, 99.999608
54, 29, 55, 18, 99.999616
54, 29, 55, 17, 99.999615
55, 1, 50, 12, 99.614416
55, 1, 50, 13, 99.614405
55, 2, 50, 12, 99.614409
55, 2, 50, 13, 99.614398
55, 3, 50, 12, 99.614416
55, 3, 50, 13, 99.614405
55, 4, 57, 14, 99.999640
55, 4, 60, 19, 99.999638
55, 5, 50, 8, 99.999634
55, 5, 50, 11, 99.999633
55, 6, 50, 12, 99.614406
55, 6, 50, 13, 99.614396
55, 7, 57, 9, 99.999628
55, 7, 60, 29, 99.999622
55, 8, 50, 12, 99.614416
55, 8, 50, 13, 99.614404
55, 9, 57, 9, 99.999628
55, 9, 60, 22, 99.999625
55, 10, 50, 8, 99.999622
55, 10, 60, 29, 99.999621
55, 11, 57, 9, 99.999626
55, 11, 60, 22, 99.999624
55, 12, 14, 17, 99.999639
55, 12, 10, 17, 99.999639
55, 13, 50, 8, 99.999597
55, 13, 42, 13, 99.999597
55, 14, 60, 17, 99.999614
55, 14, 60, 22, 99.999613
55, 15, 57, 9, 99.999632
55, 15, 60, 29, 99.999631
55, 16, 60, 29, 99.999632
55, 16, 60, 22, 99.999632
55, 17, 60, 29, 99.999660
55, 17, 60, 20, 99.999659
55, 18, 60, 29, 99.999665
55, 18, 60, 20, 99.999664
55, 19, 50, 8, 99.999637
55, 19, 60, 29, 99.999636
55, 20, 57, 14, 99.999635
55, 20, 50, 8, 99.999634
55, 21, 57, 9, 99.999632
55, 21, 57, 8, 99.999628
55, 22, 60, 17, 99.999631
55, 22, 60, 22, 99.999631
55, 23, 57, 9, 99.999632
55, 23, 50, 11, 99.999627
55, 24, 57, 9, 99.999622
55, 24, 50, 11, 99.999619
55, 25, 57, 9, 99.999624
55, 25, 57, 12, 99.999619
55, 26, 14, 17, 99.999665
55, 26, 10, 17, 99.999665
55, 27, 50, 12, 99.614419
55, 27, 50, 13, 99.614406
55, 28, 42, 13, 99.999632
55, 28, 16, 1, 99.999632
55, 29, 50, 8, 99.999636
55, 29, 50, 11, 99.999635
56, 1, 23, 1, 98.941947
56, 1, 20, 1, 98.941938
56, 2, 20, 5, 98.941944
56, 2, 23, 4, 98.941929
56, 3, 23, 3, 98.941919
56, 3, 23, 4, 98.941918
56, 4, 20, 2, 98.941919
56, 4, 23, 3, 98.941918
56, 5, 23, 3, 98.941919
56, 5, 23, 4, 98.941918
56, 6, 63, 2, 97.660459
56, 6, 43, 16, 97.660459
56, 7, 23, 5, 99.260546
56, 7, 51, 18, 99.253494
56, 8, 17, 16, 98.947220
56, 8, 17, 15, 98.947198
56, 9, 17, 16, 98.947189
56, 9, 17, 14, 98.947179
56, 10, 17, 2, 98.947195
56, 10, 17, 3, 98.947191
56, 11, 17, 16, 98.947188
56, 11, 17, 15, 98.947183
56, 12, 17, 16, 98.947184
56, 12, 17, 14, 98.947178
56, 13, 17, 2, 98.947215
56, 13, 17, 3, 98.947200
56, 14, 17, 16, 98.947192
56, 14, 17, 15, 98.947185
56, 15, 17, 16, 98.947207
56, 15, 17, 14, 98.947194
56, 16, 23, 17, 99.264424
56, 16, 7, 17, 99.256640
56, 17, 23, 17, 99.264291
56, 17, 7, 17, 99.256641
56, 18, 23, 20, 98.947767
56, 18, 23, 19, 98.947743
56, 19, 23, 20, 98.947802
56, 19, 23, 18, 98.947780
56, 20, 23, 20, 98.947844
56, 20, 23, 18, 98.947841
56, 21, 23, 20, 98.947842
56, 21, 23, 19, 98.947833
56, 22, 23, 21, 99.267016
56, 22, 20, 20, 99.266957
56, 23, 17, 19, 98.950194
56, 23, 17, 28, 98.950151
56, 24, 17, 21, 98.950151
56, 24, 17, 28, 98.950151
56, 25, 17, 29, 98.950158
56, 25, 17, 27, 98.950158
56, 26, 17, 30, 98.950143
56, 26, 17, 29, 98.950143
56, 27, 17, 29, 98.950158
56, 27, 17, 27, 98.950158
56, 28, 17, 30, 98.950149
56, 28, 17, 29, 98.950149
56, 29, 17, 29, 98.950158
56, 29, 17, 30, 98.950158
57, 1, 55, 17, 99.999634
57, 1, 55, 26, 99.999633
57, 2, 55, 17, 99.999617
57, 2, 55, 18, 99.999616
57, 3, 55, 18, 99.999624
57, 3, 55, 17, 99.999621
57, 4, 55, 17, 99.999618
57, 4, 55, 18, 99.999617
57, 5, 55, 17, 99.999615
57, 5, 55, 18, 99.999611
57, 6, 55, 17, 99.999611
57, 6, 55, 18, 99.999610
57, 7, 55, 18, 99.999631
57, 7, 55, 17, 99.999629
57, 8, 55, 17, 99.999637
57, 8, 55, 18, 99.999637
57, 9, 55, 18, 99.999640
57, 9, 60, 29, 99.999640
57, 10, 55, 18, 99.999629
57, 10, 55, 17, 99.999628
57, 11, 55, 18, 99.999624
57, 11, 55, 17, 99.999623
57, 12, 60, 29, 99.999644
57, 12, 55, 18, 99.999643
57, 13, 55, 17, 99.999637
57, 13, 55, 18, 99.999637
57, 14, 55, 26, 99.999659
57, 14, 14, 17, 99.999644
57, 15, 55, 18, 99.999636
57, 15, 55, 17, 99.999636
57, 16, 55, 18, 99.999628
57, 16, 55, 17, 99.999626
57, 17, 55, 17, 99.999634
57, 17, 55, 18, 99.999633
57, 18, 55, 17, 99.999631
57, 18, 55, 18, 99.999631
57, 19, 55, 18, 99.999641
57, 19, 55, 17, 99.999641
57, 20, 55, 18, 99.999642
57, 20, 55, 17, 99.999640
57, 21, 55, 18, 99.999634
57, 21, 55, 17, 99.999633
57, 22, 55, 18, 99.999625
57, 22, 55, 17, 99.999623
57, 23, 55, 18, 99.999620
57, 23, 55, 17, 99.999620
57, 24, 55, 18, 99.999630
57, 24, 55, 17, 99.999630
57, 25, 55, 18, 99.999614
57, 25, 55, 17, 99.999612
57, 26, 55, 18, 99.999634
57, 26, 55, 17, 99.999631
57, 27, 55, 18, 99.999634
57, 27, 55, 17, 99.999633
57, 28, 55, 17, 99.999637
57, 28, 55, 18, 99.999636
57, 29, 55, 18, 99.999632
57, 29, 55, 17, 99.999630
58, 1, 23, 5, 99.260439
58, 1, 51, 18, 99.253472
58, 2, 23, 5, 99.260432
58, 2, 51, 18, 99.253469
58, 3, 23, 5, 99.260446
58, 3, 51, 18, 99.253475
58, 4, 23, 5, 99.260447
58, 4, 51, 18, 99.253476
58, 5, 23, 5, 99.260442
58, 5, 51, 18, 99.253477
58, 6, 23, 5, 99.260453
58, 6, 51, 18, 99.253482
58, 7, 23, 5, 99.260452
58, 7, 51, 18, 99.253481
58, 8, 23, 5, 99.260449
58, 8, 51, 18, 99.253482
58, 9, 23, 5, 99.260449
58, 9, 51, 18, 99.253485
58, 10, 23, 5, 99.260438
58, 10, 51, 11, 99.253480
58, 11, 23, 5, 99.260433
58, 11, 51, 17, 99.253474
58, 12, 23, 5, 99.260449
58, 12, 51, 18, 99.253484
58, 13, 23, 5, 99.260449
58, 13, 51, 18, 99.253483
58, 14, 23, 5, 99.260448
58, 14, 51, 18, 99.253484
58, 15, 23, 5, 99.260444
58, 15, 51, 18, 99.253474
58, 16, 23, 5, 99.260447
58, 16, 51, 18, 99.253475
58, 17, 23, 5, 99.260438
58, 17, 51, 18, 99.253472
58, 18, 23, 5, 99.260443
58, 18, 51, 18, 99.253475
58, 19, 23, 5, 99.260446
58, 19, 51, 18, 99.253472
58, 20, 23, 5, 99.260441
58, 20, 51, 18, 99.253475
58, 21, 23, 5, 99.260447
58, 21, 51, 18, 99.253472
58, 22, 23, 5, 99.260453
58, 22, 51, 18, 99.253475
58, 23, 23, 5, 99.260450
58, 23, 51, 18, 99.253474
58, 24, 23, 5, 99.260456
58, 24, 51, 18, 99.253481
58, 25, 23, 5, 99.260444
58, 25, 51, 18, 99.253475
58, 26, 23, 5, 99.260442
58, 26, 51, 18, 99.253474
58, 27, 23, 5, 99.260447
58, 27, 51, 18, 99.253472
58, 28, 23, 5, 99.260451
58, 28, 51, 18, 99.253478
58, 29, 23, 5, 99.260448
58, 29, 51, 18, 99.253471
59, 1, 55, 17, 99.999608
59, 1, 55, 18, 99.999605
59, 2, 55, 17, 99.999594
59, 2, 55, 18, 99.999593
59, 3, 55, 17, 99.999600
59, 3, 55, 18, 99.999599
59, 4, 55, 17, 99.999603
59, 4, 55, 18, 99.999602
59, 5, 55, 18, 99.999599
59, 5, 55, 17, 99.999598
59, 6, 55, 17, 99.999605
59, 6, 55, 18, 99.999604
59, 7, 55, 17, 99.999618
59, 7, 55, 18, 99.999614
59, 8, 55, 17, 99.999615
59, 8, 55, 18, 99.999612
59, 9, 55, 17, 99.999618
59, 9, 55, 18, 99.999614
59, 10, 55, 17, 99.999611
59, 10, 55, 18, 99.999608
59, 11, 55, 17, 99.999624
59, 11, 55, 18, 99.999621
59, 12, 55, 17, 99.999611
59, 12, 55, 18, 99.999609
59, 13, 55, 17, 99.999620
59, 13, 55, 18, 99.999616
59, 14, 55, 17, 99.999629
59, 14, 55, 18, 99.999626
59, 15, 55, 17, 99.999634
59, 15, 55, 4, 99.999630
59, 16, 55, 17, 99.999613
59, 16, 55, 18, 99.999610
59, 17, 55, 17, 99.999618
59, 17, 55, 4, 99.999615
59, 18, 55, 17, 99.999624
59, 18, 55, 4, 99.999620
59, 19, 55, 17, 99.999625
59, 19, 55, 18, 99.999621
59, 20, 55, 17, 99.999629
59, 20, 55, 18, 99.999626
59, 21, 55, 17, 99.999624
59, 21, 55, 18, 99.999623
59, 22, 55, 17, 99.999626
59, 22, 55, 18, 99.999625
59, 23, 55, 17, 99.999627
59, 23, 55, 18, 99.999625
59, 24, 55, 17, 99.999626
59, 24, 55, 18, 99.999624
59, 25, 55, 17, 99.999626
59, 25, 55, 18, 99.999623
59, 26, 55, 17, 99.999629
59, 26, 55, 18, 99.999627
59, 27, 55, 17, 99.999633
59, 27, 55, 18, 99.999631
59, 28, 55, 17, 99.999633
59, 28, 55, 18, 99.999629
59, 29, 55, 17, 99.999630
59, 29, 55, 18, 99.999628
60, 1, 55, 18, 99.999650
60, 1, 55, 17, 99.999644
60, 2, 44, 28, 99.615210
60, 2, 44, 29, 99.615209
60, 3, 44, 28, 99.615212
60, 3, 44, 29, 99.615210
60, 4, 44, 28, 99.615209
60, 4, 44, 29, 99.615208
60, 5, 44, 28, 99.615215
60, 5, 44, 29, 99.615213
60, 6, 44, 28, 99.615215
60, 6, 44, 29, 99.615214
60, 7, 44, 28, 99.615212
60, 7, 44, 29, 99.615211
60, 8, 44, 28, 99.615216
60, 8, 44, 29, 99.615216
60, 9, 44, 28, 99.615216
60, 9, 44, 29, 99.615215
60, 10, 44, 28, 99.615218
60, 10, 44, 29, 99.615218
60, 11, 44, 28, 99.615217
60, 11, 44, 29, 99.615216
60, 12, 50, 7, 99.999646
60, 12, 50, 10, 99.999645
60, 13, 55, 18, 99.999650
60, 13, 55, 17, 99.999642
60, 14, 55, 18, 99.999653
60, 14, 50, 10, 99.999651
60, 15, 55, 18, 99.999652
60, 15, 50, 10, 99.999650
60, 16, 55, 18, 99.999651
60, 16, 50, 10, 99.999648
60, 17, 55, 18, 99.999659
60, 17, 50, 10, 99.999654
60, 18, 55, 18, 99.999655
60, 18, 55, 17, 99.999650
60, 19, 50, 10, 99.999651
60, 19, 55, 18, 99.999649
60, 20, 55, 18, 99.999664
60, 20, 55, 17, 99.999659
60, 21, 55, 18, 99.999655
60, 21, 55, 17, 99.999650
60, 22, 55, 18, 99.999664
60, 22, 55, 17, 99.999658
60, 23, 55, 18, 99.999646
60, 23, 55, 17, 99.999639
60, 24, 55, 18, 99.999660
60, 24, 55, 17, 99.999654
60, 25, 55, 18, 99.999661
60, 25, 55, 17, 99.999655
60, 26, 55, 18, 99.999638
60, 26, 55, 17, 99.999631
60, 27, 55, 18, 99.999640
60, 27, 55, 17, 99.999634
60, 28, 55, 18, 99.999655
60, 28, 55, 17, 99.999650
60, 29, 55, 18, 99.999665
60, 29, 55, 17, 99.999660
61, 1, 15, 28, 99.999532
61, 1, 1, 12, 99.999532
61, 2, 15, 28, 99.999532
61, 2, 1, 12, 99.999532
61, 3, 15, 28, 99.999532
61, 3, 1, 12, 99.999532
61, 4, 15, 28, 99.999533
61, 4, 1, 12, 99.999532
61, 5, 15, 28, 99.999533
61, 5, 1, 12, 99.999533
61, 6, 15, 28, 99.999533
61, 6, 1, 12, 99.999533
61, 7, 15, 28, 99.999532
61, 7, 1, 12, 99.999532
61, 8, 15, 28, 99.999532
61, 8, 1, 12, 99.999532
61, 9, 15, 28, 99.999532
61, 9, 1, 12, 99.999532
61, 10, 15, 28, 99.999532
61, 10, 1, 12, 99.999532
61, 11, 15, 28, 99.999533
61, 11, 1, 12, 99.999532
61, 12, 15, 28, 99.999533
61, 12, 1, 12, 99.999533
61, 13, 15, 28, 99.999533
61, 13, 1, 12, 99.999533
61, 14, 15, 28, 99.999533
61, 14, 1, 12, 99.999532
61, 15, 15, 28, 99.999532
61, 15, 1, 12, 99.999532
61, 16, 15, 28, 99.999532
61, 16, 1, 12, 99.999532
61, 17, 15, 28, 99.999532
61, 17, 1, 12, 99.999532
61, 18, 15, 28, 99.999532
61, 18, 1, 12, 99.999532
61, 19, 15, 28, 99.999532
61, 19, 1, 12, 99.999532
61, 20, 15, 28, 99.999533
61, 20, 1, 12, 99.999532
61, 21, 15, 28, 99.999533
61, 21, 1, 12, 99.999532
61, 22, 15, 28, 99.999532
61, 22, 1, 12, 99.999532
61, 23, 15, 28, 99.999532
61, 23, 1, 12, 99.999532
61, 24, 15, 28, 99.999532
61, 24, 1, 12, 99.999532
61, 25, 15, 28, 99.999533
61, 25, 1, 12, 99.999532
61, 26, 15, 28, 99.999533
61, 26, 1, 12, 99.999533
61, 27, 15, 28, 99.999533
61, 27, 1, 12, 99.999533
61, 28, 15, 28, 99.999533
61, 28, 1, 12, 99.999533
62, 1, 19, 20, 99.999647
62, 1, 19, 23, 99.999647
62, 2, 19, 20, 99.999645
62, 2, 19, 23, 99.999645
62, 3, 19, 20, 99.999647
62, 3, 19, 23, 99.999647
62, 4, 19, 20, 99.999646
62, 4, 19, 23, 99.999645
62, 5, 19, 20, 99.999647
62, 5, 19, 23, 99.999647
62, 6, 19, 20, 99.999647
62, 6, 19, 23, 99.999647
62, 7, 19, 20, 99.999647
62, 7, 19, 23, 99.999646
62, 8, 19, 20, 99.999647
62, 8, 19, 23, 99.999646
62, 9, 19, 20, 99.999647
62, 9, 19, 23, 99.999647
62, 10, 19, 20, 99.999647
62, 10, 19, 23, 99.999647
62, 11, 19, 20, 99.999647
62, 11, 19, 23, 99.999646
62, 12, 19, 20, 99.999647
62, 12, 19, 23, 99.999647
62, 13, 19, 20, 99.999646
62, 13, 19, 23, 99.999645
62, 14, 19, 20, 99.999647
62, 14, 19, 23, 99.999646
62, 15, 19, 20, 99.999647
62, 15, 19, 23, 99.999647
62, 16, 19, 20, 99.999646
62, 16, 19, 23, 99.999645
62, 17, 19, 20, 99.999646
62, 17, 19, 23, 99.999645
62, 18, 19, 20, 99.999646
62, 18, 19, 23, 99.999645
62, 19, 19, 20, 99.999646
62, 19, 19, 23, 99.999645
62, 20, 19, 20, 99.999648
62, 20, 19, 23, 99.999648
62, 21, 19, 20, 99.999648
62, 21, 19, 23, 99.999647
62, 22, 19, 20, 99.999648
62, 22, 19, 23, 99.999647
62, 23, 19, 20, 99.999647
62, 23, 19, 23, 99.999646
62, 24, 19, 20, 99.999648
62, 24, 19, 23, 99.999647
62, 25, 19, 20, 99.999647
62, 25, 19, 23, 99.999646
62, 26, 19, 20, 99.999644
62, 26, 19, 23, 99.999643
62, 27, 19, 20, 99.999644
62, 27, 19, 23, 99.999644
62, 28, 19, 20, 99.999641
62, 28, 19, 23, 99.999640
63, 1, 23, 1, 98.941947
63, 1, 20, 1, 98.941938
63, 2, 56, 6, 97.660459
63, 2, 56, 6, 97.660459
63, 3, 23, 3, 98.941915
63, 3, 23, 4, 98.941913
63, 4, 23, 4, 98.941915
63, 4, 23, 3, 98.941914
63, 5, 23, 3, 98.941919
63, 5, 23, 4, 98.941918
63, 6, 20, 5, 98.941918
63, 6, 20, 2, 98.941906
63, 7, 23, 4, 98.941934
63, 7, 23, 3, 98.941928
63, 8, 20, 5, 98.941950
63, 8, 23, 4, 98.941928
63, 9, 17, 15, 98.947236
63, 9, 17, 16, 98.947208
63, 10, 17, 15, 98.947191
63, 10, 17, 16, 98.947182
63, 11, 17, 3, 98.947181
63, 11, 17, 16, 98.947180
63, 12, 17, 16, 98.947181
63, 12, 17, 3, 98.947176
63, 13, 17, 16, 98.947188
63, 13, 17, 15, 98.947183
63, 14, 17, 16, 98.947183
63, 14, 17, 14, 98.947175
63, 15, 17, 16, 98.947207
63, 15, 17, 14, 98.947194
63, 16, 17, 3, 98.947208
63, 16, 17, 2, 98.947199
63, 17, 23, 17, 99.264367
63, 17, 7, 17, 99.256647
63, 18, 23, 20, 98.947820
63, 18, 23, 18, 98.947817
63, 19, 23, 20, 98.947814
63, 19, 23, 19, 98.947807
63, 20, 23, 20, 98.947812
63, 20, 23, 18, 98.947805
63, 21, 23, 20, 98.947805
63, 21, 23, 19, 98.947800
63, 22, 23, 19, 98.947825
63, 22, 23, 20, 98.947822
63, 23, 23, 18, 98.947831
63, 23, 23, 20, 98.947831
63, 24, 23, 21, 99.266969
63, 24, 20, 20, 99.266932
63, 25, 23, 21, 99.266935
63, 25, 20, 20, 99.266878
63, 26, 23, 21, 99.266899
63, 26, 20, 20, 99.266836
63, 27, 23, 21, 99.266922
63, 27, 20, 20, 99.266858
63, 28, 23, 21, 99.266910
63, 28, 20, 20, 99.266847